##FastQC	0.12.1
>>Basic Statistics	pass
#Measure	Value
Filename	reverse.gz
File type	Conventional base calls
Encoding	Sanger / Illumina 1.9
Total Sequences	43110880
Total Bases	4.3 Gbp
Sequences flagged as poor quality	0
Sequence length	100
%GC	47
>>END_MODULE
>>Per base sequence quality	pass
#Base	Mean	Median	Lower Quartile	Upper Quartile	10th Percentile	90th Percentile
1	32.618766561944454	33.0	33.0	33.0	33.0	33.0
2	32.65472196345795	33.0	33.0	33.0	33.0	33.0
3	32.656099736307866	33.0	33.0	33.0	33.0	33.0
4	32.6321077881036	33.0	33.0	33.0	33.0	33.0
5	32.65994472856968	33.0	33.0	33.0	33.0	33.0
6	36.466459093388956	37.0	37.0	37.0	37.0	37.0
7	36.48048056546283	37.0	37.0	37.0	37.0	37.0
8	36.48617880219564	37.0	37.0	37.0	37.0	37.0
9	36.47152804582045	37.0	37.0	37.0	37.0	37.0
10-11	36.474760373715405	37.0	37.0	37.0	37.0	37.0
12-13	36.44915797357882	37.0	37.0	37.0	37.0	37.0
14-15	36.44305531457488	37.0	37.0	37.0	37.0	37.0
16-17	36.44003224939969	37.0	37.0	37.0	37.0	37.0
18-19	36.41103739937575	37.0	37.0	37.0	37.0	37.0
20-21	36.429991825729374	37.0	37.0	37.0	37.0	37.0
22-23	36.4104723563982	37.0	37.0	37.0	37.0	37.0
24-25	36.4070166394191	37.0	37.0	37.0	37.0	37.0
26-27	36.41471391908493	37.0	37.0	37.0	37.0	37.0
28-29	36.39241126601915	37.0	37.0	37.0	37.0	37.0
30-31	36.40442765260185	37.0	37.0	37.0	37.0	37.0
32-33	36.41111659052193	37.0	37.0	37.0	37.0	37.0
34-35	36.40816306695665	37.0	37.0	37.0	37.0	37.0
36-37	36.16260437040488	37.0	37.0	37.0	37.0	37.0
38-39	36.33722497661843	37.0	37.0	37.0	37.0	37.0
40-41	36.37771030190059	37.0	37.0	37.0	37.0	37.0
42-43	36.36193771734652	37.0	37.0	37.0	37.0	37.0
44-45	36.358242861198846	37.0	37.0	37.0	37.0	37.0
46-47	36.34301065067565	37.0	37.0	37.0	37.0	37.0
48-49	36.322446746621736	37.0	37.0	37.0	37.0	37.0
50-51	36.31104493807596	37.0	37.0	37.0	37.0	37.0
52-53	36.296317182576644	37.0	37.0	37.0	37.0	37.0
54-55	36.27804002145166	37.0	37.0	37.0	37.0	37.0
56-57	36.253522034344925	37.0	37.0	37.0	37.0	37.0
58-59	36.23706515617403	37.0	37.0	37.0	37.0	37.0
60-61	36.204133341745745	37.0	37.0	37.0	37.0	37.0
62-63	36.18841691470924	37.0	37.0	37.0	37.0	37.0
64-65	36.1751378886258	37.0	37.0	37.0	37.0	37.0
66-67	36.1530997395553	37.0	37.0	37.0	37.0	37.0
68-69	35.844657288368964	37.0	37.0	37.0	37.0	37.0
70-71	36.0369697394254	37.0	37.0	37.0	37.0	37.0
72-73	36.084734572803896	37.0	37.0	37.0	37.0	37.0
74-75	36.062911288287324	37.0	37.0	37.0	37.0	37.0
76-77	36.02061333473128	37.0	37.0	37.0	37.0	37.0
78-79	35.9783686971827	37.0	37.0	37.0	37.0	37.0
80-81	35.97023288552681	37.0	37.0	37.0	37.0	37.0
82-83	35.94075420172356	37.0	37.0	37.0	37.0	37.0
84-85	35.9002690620094	37.0	37.0	37.0	37.0	37.0
86-87	35.85582821552239	37.0	37.0	37.0	37.0	37.0
88-89	35.79683224977082	37.0	37.0	37.0	37.0	37.0
90-91	35.74256940475351	37.0	37.0	37.0	37.0	37.0
92-93	35.68317867786507	37.0	37.0	37.0	37.0	37.0
94-95	35.61834021945272	37.0	37.0	37.0	37.0	37.0
96-97	35.525217114565976	37.0	37.0	37.0	37.0	37.0
98-99	35.34937618995483	37.0	37.0	37.0	35.0	37.0
100	35.12075543343119	37.0	37.0	37.0	33.0	37.0
>>END_MODULE
>>Per sequence quality scores	pass
#Quality	Count
2	13948.0
3	15605.0
4	15590.0
5	13267.0
6	11911.0
7	12059.0
8	12645.0
9	13638.0
10	14510.0
11	15581.0
12	16190.0
13	17263.0
14	18581.0
15	19901.0
16	21309.0
17	23413.0
18	25760.0
19	27917.0
20	30811.0
21	35757.0
22	44780.0
23	58387.0
24	73692.0
25	91642.0
26	113136.0
27	140024.0
28	172079.0
29	214846.0
30	271154.0
31	350908.0
32	476868.0
33	709099.0
34	1171185.0
35	2855876.0
36	3.5991548E7
>>END_MODULE
>>Per base sequence content	fail
#Base	G	A	T	C
1	20.449034783797497	15.699198609690201	10.525675861989129	53.32609074452317
2	20.23381708308125	23.316570019194145	41.74866397944735	14.700948918277248
3	19.984068705505752	25.905011106775987	28.08861475120462	26.022305436513644
4	21.58038065830635	35.74408310989568	21.42117205082721	21.25436418097076
5	25.616225931199853	34.54536147479979	20.911101842766477	18.92731075123388
6	20.01440868936816	34.973964900065205	23.00355400881657	22.008072401750063
7	18.79407210196752	16.819672093875347	39.23734692410267	25.148908880054467
8	19.321113506045776	21.185222626230832	29.19317431866233	30.300489549061066
9	20.19621351489155	21.23410541634155	31.77325492779478	26.796426140972123
10-11	24.369703957699947	29.522395859728135	21.719809930888484	24.388090251683437
12-13	23.528618433666985	23.33497913417915	26.579330264764994	26.557072167388874
14-15	23.12941603951613	26.142634955441213	26.63303371982154	24.094915285221113
16-17	24.084121286141645	26.056548919111567	25.205236503689182	24.654093291057613
18-19	23.788762881340112	26.38896607073083	25.12151051033423	24.700760537594835
20-21	23.750423249420503	26.58825341803955	25.458684761465484	24.202638571074463
22-23	23.587441746069203	26.757834671257292	25.65312690056177	24.001596682111735
24-25	23.340176101037432	26.60165476750383	25.877907688167895	24.18026144329084
26-27	23.31860534243988	26.502932661863575	26.097332788538942	24.081129207157602
28-29	23.541409477206983	26.26076339157378	25.889772640216453	24.30805449100279
30-31	23.315788465231226	26.4584237334317	25.995333209214667	24.23045459212241
32-33	23.447172559872996	26.754877958666057	25.914603802912396	23.88334567854855
34-35	23.712766984519103	26.550607543270832	25.488815440820705	24.247810031389353
36-37	23.458998785203022	26.6026956923398	25.688954417061694	24.249351105395483
38-39	23.48784504100605	26.658813486238003	25.765300613330716	24.088040859425234
40-41	23.596016249284858	26.51035385302566	25.685889005530182	24.2077408921593
42-43	23.3944095812633	26.5684711409837	25.86447660009058	24.172642677662417
44-45	23.533405328875553	26.507682651477836	25.94684763803524	24.01206438161137
46-47	23.64219597597815	26.425618518174783	25.71524690425732	24.216938601589742
48-49	23.453307153133363	26.429856664356215	25.861401825885466	24.255434356624956
50-51	23.512733822686368	26.535553947954245	25.862711211226063	24.089001018133324
52-53	23.679121649465884	26.514126927367926	25.57029816406023	24.23645325910596
54-55	23.414281107318264	26.569442564825437	25.799954895329748	24.216321432526556
56-57	23.5787623280787	26.596716310551038	25.705077533463783	24.11944382790648
58-59	23.614085005048942	26.545187038142682	25.6336554406409	24.20707251616748
60-61	23.390750729690033	26.509813964026197	25.88209825448194	24.21733705180183
62-63	23.38654820426807	26.69463105269369	25.88191057432518	24.036910168713067
64-65	23.66747167442503	26.49040897881551	25.730151625324233	24.111967721435228
66-67	23.524871126353922	26.587561750970668	25.882702685027652	24.00486443764776
68-69	23.52614138523881	26.590687765280585	25.856940070120345	24.026230779360265
70-71	23.611773322579477	26.53611695258794	25.73814035662112	24.11396936821146
72-73	23.41769786467207	26.58887097244912	25.808103840845348	24.185327322033466
74-75	23.536148490105262	26.6687827060963	25.88990403980802	23.90516476399042
76-77	23.631580400892737	26.62441700633732	25.70893617270036	24.03506642006958
78-79	23.41263265440502	26.677413421158526	25.888106669986065	24.02184725445039
80-81	23.59243884616723	26.688496468213923	25.796326710509526	23.922737975109317
82-83	23.624653235328992	26.634611869451508	25.672240742318102	24.068494152901394
84-85	23.445768036480192	26.797303827373398	25.74199676105216	24.014931375094246
86-87	23.50112595006386	26.952200009928028	25.716740052136082	23.829933987872028
88-89	23.83359258369378	26.74777455188441	25.554267976618245	23.864364887803564
90-91	23.599920821121206	26.844808550892097	25.673511365343543	23.881759262643154
92-93	23.742736741491665	26.877070557769333	25.615244285440617	23.764948415298385
94-95	23.865144703325466	26.907680730827078	25.52101570093455	23.706158864912908
96-97	23.723070008999436	26.997954180357812	25.560707541738253	23.718268268904495
98-99	23.88131199013902	27.05719482651822	25.54657644047616	23.514916742866596
100	23.968810996305937	27.06304375904448	25.352157109596735	23.615988135052852
>>END_MODULE
>>Per sequence GC content	pass
#GC Content	Count
0	114.0
1	121.0
2	129.0
3	157.0
4	194.0
5	237.5
6	283.0
7	354.5
8	460.0
9	546.0
10	671.0
11	815.5
12	1009.5
13	1291.5
14	1672.0
15	2297.0
16	3304.0
17	4768.0
18	6785.0
19	10258.5
20	16772.0
21	26459.0
22	39128.0
23	57455.0
24	82829.5
25	113802.5
26	153709.0
27	206891.0
28	261458.0
29	323328.5
30	394527.0
31	471993.5
32	567867.5
33	665873.0
34	753972.0
35	845550.5
36	930750.0
37	1018016.5
38	1081875.5
39	1136284.0
40	1211421.5
41	1263636.5
42	1302009.5
43	1333458.0
44	1380193.0
45	1448794.0
46	1487023.0
47	1516394.0
48	1555606.0
49	1582901.0
50	1593044.5
51	1592787.0
52	1590741.0
53	1572273.0
54	1531750.5
55	1475180.0
56	1402349.5
57	1311054.5
58	1205911.0
59	1082857.0
60	944256.5
61	807580.0
62	684481.5
63	564651.0
64	449113.5
65	354189.5
66	282377.0
67	228237.0
68	185605.5
69	149607.0
70	122630.0
71	103521.0
72	89472.0
73	78203.5
74	68235.5
75	60074.0
76	54218.5
77	48638.5
78	41574.0
79	35426.0
80	30688.0
81	25836.0
82	20906.5
83	16629.0
84	12972.5
85	9481.5
86	6529.5
87	4413.0
88	2947.5
89	1825.5
90	1017.5
91	623.5
92	428.0
93	300.5
94	212.5
95	183.0
96	151.5
97	113.5
98	78.5
99	55.0
100	41.5
>>END_MODULE
>>Per base N content	pass
#Base	N-Count
1	0.013145173561755177
2	0.027382878753576825
3	0.030885474849968265
4	0.03384760413148606
5	0.03610689459366174
6	0.017914271293000744
7	0.017413237679212303
8	0.011802125124794484
9	0.014154199589523573
10-11	0.012529319744806878
12-13	0.01210599273315692
14-15	0.010984466102292508
16-17	0.009338709857001295
18-19	0.008829557642989426
20-21	0.005644746755343431
22-23	0.00634990517474939
24-25	0.004882758134373504
26-27	0.005246935344395661
28-29	0.006175935169961736
30-31	0.003706720902008959
32-33	0.004025665910786326
34-35	0.0031500168866884647
36-37	0.2548486600134351
38-39	0.001236346834024265
40-41	0.0012804192352371374
42-43	0.001232867433928512
44-45	7.898238217359516E-4
46-47	0.0014543892400247919
48-49	0.002196661260452118
50-51	0.002559678670442357
52-53	0.0043956421209680714
54-55	0.005246935344395661
56-57	0.006457766577717737
58-59	0.008853913443659697
60-61	0.008597597636605888
62-63	0.007406483003826413
64-65	0.008431746232041657
66-67	0.012487566943657841
68-69	0.5282819557383195
70-71	0.011840398525847768
72-73	0.01354182517267103
74-75	0.0120456831314972
76-77	0.007688314411582412
78-79	0.0061968115705362545
80-81	0.005520648151928237
82-83	0.002208259260771295
84-85	0.00135464643727987
86-87	0.0014381520395779443
88-89	0.0015912456437910802
90-91	0.0020841606573561012
92-93	0.00154601344254629
94-95	0.003930562308169075
96-97	0.0034979568962637737
98-99	0.0026686998734426204
100	0.003971155309286194
>>END_MODULE
>>Sequence Length Distribution	pass
#Length	Count
100	4.311088E7
>>END_MODULE
>>Sequence Duplication Levels	fail
#Total Deduplicated Percentage	41.24249228109076
#Duplication Level	Percentage of total
1	27.110290714170965
2	13.187631857400946
3	7.988012788791998
4	5.691941645535122
5	4.158519533585949
6	3.40009770227438
7	2.782010721879926
8	2.1786467667109153
9	1.9373519256552254
>10	18.792207004436786
>50	3.5109695396424687
>100	4.668071492469929
>500	1.478783765546711
>1k	2.582743320396918
>5k	0.44575922983625504
>10k+	0.08696199166568462
>>END_MODULE
>>Overrepresented sequences	pass
>>END_MODULE
>>Adapter Content	pass
#Position	Illumina Universal Adapter	Illumina Small RNA 3' Adapter	Illumina Small RNA 5' Adapter	Nextera Transposase Sequence	PolyA	PolyG
1	2.3196000638353936E-6	9.278400255341574E-6	0.0	2.3196000638353936E-6	0.014761934806248446	1.3917600383012363E-5
2	6.9588001915061815E-6	1.2757800351094665E-4	0.0	6.9588001915061815E-6	0.02157923939386067	3.943320108520169E-5
3	1.6237200446847757E-5	1.2757800351094665E-4	0.0	6.9588001915061815E-6	0.02677050433672428	6.958800191506182E-5
4	6.726840185122641E-5	1.3453680370245283E-4	0.0	6.9588001915061815E-6	0.030734700845818967	1.0438200287259273E-4
5	9.046440248958035E-5	1.3917600383012363E-4	0.0	6.9588001915061815E-6	0.033631881325549375	1.3221720363861745E-4
6	1.113408030640989E-4	1.41495603893959E-4	0.0	6.9588001915061815E-6	0.035777511384597116	1.7165040472381913E-4
7	1.2989760357478205E-4	1.461348040216298E-4	0.0	1.159800031917697E-5	0.03813654464951771	2.203620060643624E-4
8	1.3685640376628823E-4	1.461348040216298E-4	0.0	1.3917600383012363E-5	0.043666471201701286	3.06187208426272E-4
9	1.461348040216298E-4	1.507740041493006E-4	0.0	1.3917600383012363E-5	0.049435316560459915	4.2216721161804165E-4
10-11	1.6701120459614835E-4	1.7512980481957223E-4	0.0	1.6237200446847757E-5	0.05671422156077538	7.005192192782888E-4
12-13	2.0064540552176157E-4	1.855680051068315E-4	0.0	2.319600063835394E-5	0.06183473870169201	0.0010542582290131864
14-15	2.4703740679846945E-4	1.878876051706669E-4	0.0	2.4355800670271633E-5	0.06771028566338706	0.0013894404382374008
16-17	2.7835200766024727E-4	1.9600620539409077E-4	0.0	2.667540073410703E-5	0.07399176263625332	0.001729261847589286
18-19	3.2242440887311974E-4	2.0760420571326775E-4	0.0	3.131460086177782E-5	0.08045068901400296	0.0020899596575156896
20-21	3.699762101817453E-4	2.1224340584093853E-4	0.0	3.59538009894486E-5	0.08715665279855109	0.002444858467282505
22-23	4.3028581184146556E-4	2.2268160612819778E-4	0.0	4.175280114903709E-5	0.0939600397857803	0.0027881592767301433
24-25	4.639200127670788E-4	2.3891880657504557E-4	0.0	4.175280114903709E-5	0.10008262415427382	0.0030978258852521687
26-27	5.277090145225521E-4	2.4007860660696324E-4	0.0	4.755180130862557E-5	0.10591873791488367	0.003497956896263774
28-29	6.204930170759679E-4	2.621148072133995E-4	0.0	5.6830201563967146E-5	0.11260266549882536	0.0038516959059986715
30-31	7.376328202996552E-4	2.969088081709304E-4	0.0	6.610860181930871E-5	0.11911262307797939	0.004261105317265618
32-33	9.33639025693746E-4	3.027078083305189E-4	0.0	7.6546802106568E-5	0.12493713883827007	0.004612524726936681
34-35	0.0012177900335135817	3.131460086177782E-4	0.0	8.118600223423879E-5	0.13078021139907142	0.005130955341203891
36-37	0.001626039644748611	3.375018092880498E-4	0.0	8.698500239382726E-5	0.13691555356791604	0.005554282352853851
38-39	0.00213519185876048	3.4794000957530906E-4	0.0	8.814480242574497E-5	0.1435716459510917	0.005985727964727234
40-41	0.002919216680336843	3.8853301069242843E-4	0.0	8.930460245766265E-5	0.1494367547124995	0.00649603997877102
42-43	0.004052341311520433	4.1984761155420625E-4	0.0	9.510360261725114E-5	0.1554793128787907	0.006957640391474264
44-45	0.005441781749757834	4.2100741158612395E-4	0.0	9.742320268108653E-5	0.16144184484287957	0.007521303206986264
46-47	0.0072104767984323215	4.407240121287248E-4	0.0	1.0786140296834581E-4	0.16823711322988538	0.00807220822214717
48-49	0.009473246660703748	4.59280812639408E-4	0.0	1.1250060309601659E-4	0.17390505598586714	0.008634711237627254
50-51	0.012485247343594007	4.7435821305433803E-4	0.0	1.159800031917697E-4	0.17964838574392356	0.009264482654958562
52-53	0.01633694324959268	4.917552135331035E-4	0.0	1.2293880338327587E-4	0.18544854570354397	0.009837423870725906
54-55	0.021408748789168767	4.940748135969389E-4	0.0	1.3105740360669975E-4	0.19167551207491007	0.010397607286142153
56-57	0.02775401476379049	5.010336137884451E-4	0.0	1.3337700367053513E-4	0.19747683183456244	0.01089748109989868
58-59	0.0356128197800648	5.103120140437867E-4	0.0	1.4149560389395904E-4	0.20316333139105486	0.011645552120485594
60-61	0.04532614504737551	5.335080146821405E-4	0.0	1.438152039577944E-4	0.20913282215533527	0.012295040138359505
62-63	0.05760378818525625	5.50905015160906E-4	0.0	1.449750039897121E-4	0.21480424431141282	0.012878419554414107
64-65	0.0733817078194646	5.625030154800829E-4	0.0	1.6005240440464217E-4	0.22055917206978842	0.013539505572607195
66-67	0.09298232835887368	5.845392160865193E-4	0.0	1.6933080465998375E-4	0.22626886762691922	0.014243504191981235
68-69	0.1171154474230171	6.030960165972024E-4	0.0	1.7628960485148993E-4	0.23280666040683928	0.014933585210972265
70-71	0.1473537538551753	6.193332170440502E-4	0.0	1.844082050749138E-4	0.2393131385858976	0.01558539282891001
72-73	0.18518411129626672	6.297714173313094E-4	0.0	1.902072052345023E-4	0.24511793774564566	0.01633114424943309
74-75	0.23371710343189467	6.413694176504864E-4	0.0	1.9716600542600847E-4	0.2510004435075322	0.017065297669636992
76-77	0.2939350808890934	6.842820188314412E-4	0.0	2.0992380577710312E-4	0.25678668586676956	0.017874838091915545
78-79	0.36770996091937813	7.15596619693219E-4	0.0	2.203620060643624E-4	0.26247898442342166	0.018671620713843002
80-81	0.45753531359137184	7.492308206188321E-4	0.0	2.2616100622395088E-4	0.2681909995806163	0.019484640536217308
82-83	0.5663431133857625	7.608288209380092E-4	0.0	2.308002063516217E-4	0.27475430796123856	0.02036956796057051
84-85	0.7007674164851193	7.689474211614331E-4	0.0	2.3543940647929247E-4	0.2810821769353815	0.021284650185753574
86-87	0.8652456178115594	7.782258214167746E-4	0.0	2.4703740679846945E-4	0.2870899411007152	0.022154500209691848
88-89	1.0632258028599741	8.130198223743055E-4	0.0	2.574756070857287E-4	0.2929933232631763	0.0230034738330556
>>END_MODULE
