##FastQC	0.12.1
>>Basic Statistics	pass
#Measure	Value
Filename	reverse.gz
File type	Conventional base calls
Encoding	Sanger / Illumina 1.9
Total Sequences	43913707
Total Bases	4.3 Gbp
Sequences flagged as poor quality	0
Sequence length	100
%GC	47
>>END_MODULE
>>Per base sequence quality	pass
#Base	Mean	Median	Lower Quartile	Upper Quartile	10th Percentile	90th Percentile
1	32.601433989619686	33.0	33.0	33.0	33.0	33.0
2	32.64435302626581	33.0	33.0	33.0	33.0	33.0
3	32.64720887717359	33.0	33.0	33.0	33.0	33.0
4	32.62768702264193	33.0	33.0	33.0	33.0	33.0
5	32.652499116050485	33.0	33.0	33.0	33.0	33.0
6	36.45833648250192	37.0	37.0	37.0	37.0	37.0
7	36.47652030378578	37.0	37.0	37.0	37.0	37.0
8	36.48621274446268	37.0	37.0	37.0	37.0	37.0
9	36.47311548988565	37.0	37.0	37.0	37.0	37.0
10-11	36.46631870545568	37.0	37.0	37.0	37.0	37.0
12-13	36.44217615242549	37.0	37.0	37.0	37.0	37.0
14-15	36.43903778152912	37.0	37.0	37.0	37.0	37.0
16-17	36.43715732083379	37.0	37.0	37.0	37.0	37.0
18-19	36.411323610188504	37.0	37.0	37.0	37.0	37.0
20-21	36.42998945636724	37.0	37.0	37.0	37.0	37.0
22-23	36.41107187785353	37.0	37.0	37.0	37.0	37.0
24-25	36.40823753503661	37.0	37.0	37.0	37.0	37.0
26-27	36.41629963054588	37.0	37.0	37.0	37.0	37.0
28-29	36.39301585265849	37.0	37.0	37.0	37.0	37.0
30-31	36.40208257754236	37.0	37.0	37.0	37.0	37.0
32-33	36.40895633110637	37.0	37.0	37.0	37.0	37.0
34-35	36.40617364641979	37.0	37.0	37.0	37.0	37.0
36-37	36.15867179010873	37.0	37.0	37.0	37.0	37.0
38-39	36.33453899712907	37.0	37.0	37.0	37.0	37.0
40-41	36.375171173774966	37.0	37.0	37.0	37.0	37.0
42-43	36.36013435395012	37.0	37.0	37.0	37.0	37.0
44-45	36.35775499435746	37.0	37.0	37.0	37.0	37.0
46-47	36.34297039646414	37.0	37.0	37.0	37.0	37.0
48-49	36.321884952686865	37.0	37.0	37.0	37.0	37.0
50-51	36.31035085468872	37.0	37.0	37.0	37.0	37.0
52-53	36.29548580355559	37.0	37.0	37.0	37.0	37.0
54-55	36.279249665713714	37.0	37.0	37.0	37.0	37.0
56-57	36.255522757393265	37.0	37.0	37.0	37.0	37.0
58-59	36.23961921502095	37.0	37.0	37.0	37.0	37.0
60-61	36.207540916552546	37.0	37.0	37.0	37.0	37.0
62-63	36.19180763992436	37.0	37.0	37.0	37.0	37.0
64-65	36.17974362765594	37.0	37.0	37.0	37.0	37.0
66-67	36.15917622258581	37.0	37.0	37.0	37.0	37.0
68-69	35.85141208871298	37.0	37.0	37.0	37.0	37.0
70-71	36.04545975815706	37.0	37.0	37.0	37.0	37.0
72-73	36.09320569315635	37.0	37.0	37.0	37.0	37.0
74-75	36.072454723533134	37.0	37.0	37.0	37.0	37.0
76-77	36.03176500221218	37.0	37.0	37.0	37.0	37.0
78-79	35.99093114594038	37.0	37.0	37.0	37.0	37.0
80-81	35.98360828431086	37.0	37.0	37.0	37.0	37.0
82-83	35.95511489157588	37.0	37.0	37.0	37.0	37.0
84-85	35.91427989670743	37.0	37.0	37.0	37.0	37.0
86-87	35.86964646368844	37.0	37.0	37.0	37.0	37.0
88-89	35.81353179771409	37.0	37.0	37.0	37.0	37.0
90-91	35.760272948489636	37.0	37.0	37.0	37.0	37.0
92-93	35.701623014882344	37.0	37.0	37.0	37.0	37.0
94-95	35.63549738581624	37.0	37.0	37.0	37.0	37.0
96-97	35.542629548446	37.0	37.0	37.0	37.0	37.0
98-99	35.36877092840283	37.0	37.0	37.0	35.0	37.0
100	35.139863323312696	37.0	37.0	37.0	33.0	37.0
>>END_MODULE
>>Per sequence quality scores	pass
#Quality	Count
2	14134.0
3	15024.0
4	15154.0
5	12712.0
6	11684.0
7	11800.0
8	12499.0
9	13506.0
10	14276.0
11	15347.0
12	15828.0
13	16891.0
14	17853.0
15	19242.0
16	20537.0
17	22549.0
18	24941.0
19	27221.0
20	30411.0
21	35286.0
22	43750.0
23	57929.0
24	73350.0
25	92845.0
26	115619.0
27	143597.0
28	177933.0
29	220583.0
30	280515.0
31	362171.0
32	492819.0
33	728171.0
34	1206433.0
35	2947608.0
36	3.6603489E7
>>END_MODULE
>>Per base sequence content	fail
#Base	G	A	T	C
1	22.22161616072818	16.85738055399087	9.634148866128154	51.2868544191528
2	20.297660942592984	23.108235787191102	41.748097480086464	14.846005790129446
3	19.62415774233329	25.86632103254345	28.867332996847118	25.642188228276147
4	21.5822280148386	35.50722736107356	21.854930039851876	21.05561458423596
5	25.648796485472285	34.768687740004076	20.969620059449447	18.612895715074192
6	19.884764851778865	35.53602038453684	22.78601196887311	21.79320279481118
7	18.878762408655785	17.548014815500448	38.796547605035144	24.776675170808623
8	19.147391285900504	21.609760062540513	29.150671492698155	30.092177158860828
9	20.155649199679356	21.267881117993532	31.76788090163126	26.808588780695857
10-11	24.155170405503014	29.816759116275726	21.853658929864274	24.174411548356982
12-13	23.51850048445993	23.62622631767089	26.512048139539036	26.343225058330145
14-15	22.961349311383895	26.413455299399647	26.72166552609202	23.903529863124437
16-17	23.847619924305498	26.248645323414	25.377128274433254	24.526606477847253
18-19	23.547102528886075	26.586867836554358	25.288287993254578	24.57774164130499
20-21	23.5616518873221	26.72351439877898	25.598954412677877	24.115879301221046
22-23	23.472055842824716	26.906268181264636	25.684076139969385	23.937599835941263
24-25	23.19696571118228	26.765001719985538	25.87780436180498	24.160228207027206
26-27	23.1430039997796	26.683387326537783	26.127341068588468	24.046267605094148
28-29	23.396807239698646	26.452454520735248	25.941434785915764	24.209303453650342
30-31	23.147062066304716	26.65519799664309	26.05665334281303	24.141086594239166
32-33	23.284314749709996	26.914970973221266	26.032587050930772	23.76812722613797
34-35	23.53615902747929	26.717085728060553	25.56739462912726	24.179360615332897
36-37	23.241530365466957	26.787749460849717	25.816224744045098	24.154495429638228
38-39	23.293883005008333	26.834002243881315	25.894984960784907	23.977129790325442
40-41	23.43445133771235	26.678543121928104	25.768898952171917	24.118106588187633
42-43	23.209521749507132	26.76050832608029	25.920997473412914	24.108972450999662
44-45	23.356984619557164	26.67104156539015	26.029977525651482	23.941996289401203
46-47	23.481078438271197	26.609319353915335	25.787283894361433	24.122318313452034
48-49	23.27046505056747	26.617612042917038	25.962076765926373	24.149846140589116
50-51	23.31962556788113	26.681230678799352	25.98676452139147	24.012379231928055
52-53	23.505490061142048	26.71093316789246	25.633161530838645	24.150415240126843
54-55	23.20693756892794	26.73828217182358	25.92626313733597	24.12851712191251
56-57	23.386700765114224	26.780795822776966	25.792904309886012	24.039599102222798
58-59	23.431739540227444	26.763788574021678	25.70425853473523	24.100213351015643
60-61	23.177606171978653	26.695634368693483	25.976420189889588	24.150339269438277
62-63	23.20008917248758	26.887948618191395	25.96793887425929	23.94402333506174
64-65	23.52007910002496	26.66189948850686	25.809576040850946	24.008445370617224
66-67	23.335227437715186	26.783149151610154	25.992511645041045	23.88911176563362
68-69	23.313309771717616	26.783395781264534	26.00323819689115	23.9000562501267
70-71	23.44412364120378	26.742234208958106	25.805149859933834	24.008492289904282
72-73	23.24837105825455	26.743263685648934	25.889237768933132	24.119127487163386
74-75	23.375737574124084	26.817097468413976	25.999895896873543	23.807269060588396
76-77	23.436413126453644	26.804451487886045	25.801801816573917	23.957333569086398
78-79	23.19996103942523	26.851725829006185	26.00885610666188	23.939457024906698
80-81	23.397529917058517	26.837498322471255	25.920885000061144	23.844086760409088
82-83	23.443284653446238	26.81142469699664	25.78888108630384	23.95640956325328
84-85	23.2417715803885	26.91776079606521	25.90179261985463	23.93867500369166
86-87	23.251584092692053	27.12009842154343	25.847965814340352	23.780351671424164
88-89	23.62068244265363	26.91012599858844	25.696926824428356	23.77226473432957
90-91	23.357209966484206	26.992245042470742	25.841435692753222	23.809109298291826
92-93	23.514256901212043	26.98498533518522	25.779435096380066	23.721322667222676
94-95	23.605621142422812	27.03750380775457	25.67813727692348	23.678737772899137
96-97	23.394987047285365	27.12338968670079	25.747402656574653	23.73422060943919
98-99	23.576483297979948	27.1357596806974	25.76670772741591	23.52104929390674
100	23.66233956401652	27.211060943840277	25.548749390399912	23.577850101743294
>>END_MODULE
>>Per sequence GC content	warn
#GC Content	Count
0	127.0
1	116.5
2	106.0
3	155.0
4	213.0
5	243.0
6	294.0
7	362.0
8	466.0
9	576.5
10	674.5
11	802.0
12	1017.5
13	1298.5
14	1690.5
15	2312.0
16	3218.0
17	4744.0
18	6847.0
19	10329.5
20	17116.0
21	26897.0
22	39508.0
23	58428.5
24	84363.5
25	116583.0
26	158514.5
27	215198.0
28	271483.0
29	336413.5
30	413082.5
31	498551.5
32	608778.0
33	718296.5
34	811563.0
35	909241.0
36	1007596.5
37	1106966.0
38	1169945.5
39	1217381.0
40	1286317.5
41	1331762.0
42	1362397.0
43	1382950.5
44	1420176.5
45	1486839.5
46	1516888.5
47	1533594.0
48	1567768.5
49	1591257.5
50	1595819.0
51	1586157.0
52	1577545.0
53	1556542.5
54	1514035.5
55	1456784.0
56	1383557.5
57	1291882.5
58	1185515.0
59	1058085.5
60	919138.5
61	787815.0
62	666943.5
63	547914.0
64	435420.0
65	344707.5
66	276307.5
67	224309.0
68	183519.0
69	149200.5
70	124370.0
71	106067.5
72	91855.0
73	80608.0
74	70214.0
75	62083.5
76	55916.5
77	49994.5
78	43054.0
79	36739.0
80	31581.0
81	27081.5
82	22511.5
83	18347.5
84	14859.5
85	11406.0
86	8284.0
87	5926.0
88	3960.0
89	2434.5
90	1421.5
91	814.0
92	459.5
93	305.5
94	216.5
95	175.5
96	141.5
97	102.5
98	75.5
99	49.0
100	44.5
>>END_MODULE
>>Per base N content	pass
#Base	N-Count
1	0.012383377244831552
2	0.025975944139719293
3	0.029487376230842913
4	0.03220634504848338
5	0.03469076295471935
6	0.017044791959831586
7	0.016530146270730458
8	0.011135475308427047
9	0.013362570370112455
10-11	0.011824326286095591
12-13	0.01142923324601132
14-15	0.010370338354719177
16-17	0.008607790729213546
18-19	0.008250271378820286
20-21	0.005260316556741611
22-23	0.0059309499878933015
24-25	0.00455552522587082
26-27	0.004924430542837114
28-29	0.005663379773427008
30-31	0.0036696970264887907
32-33	0.003997612863792164
34-35	0.003066240798118
36-37	0.25748566387255806
38-39	0.0011636457837640535
40-41	0.001120379110786525
42-43	0.0011761703469943905
44-45	7.047913308707917E-4
46-47	0.0013139405425280995
48-49	0.0020289792433146217
50-51	0.0025686740588764232
52-53	0.004432556786882055
54-55	0.005373037625814646
56-57	0.006404606197331507
58-59	0.008901548666797817
60-61	0.008582741602752872
62-63	0.007520430921488818
64-65	0.008501901240084332
66-67	0.012597433416404584
68-69	0.530395896661605
70-71	0.01177992101646076
72-73	0.013449103716067513
74-75	0.012122638610309077
76-77	0.0076399835705056734
78-79	0.006035700880365213
80-81	0.005437937635280938
82-83	0.00207224591629215
84-85	0.0011852791202528177
86-87	0.0012683966762359643
88-89	0.001357207215505628
90-91	0.001888931854466306
92-93	0.0013788405519943921
94-95	0.0038086058186798033
96-97	0.003378216282219126
98-99	0.0025720898488483333
100	0.0039213268877528375
>>END_MODULE
>>Sequence Length Distribution	pass
#Length	Count
100	4.3913707E7
>>END_MODULE
>>Sequence Duplication Levels	fail
#Total Deduplicated Percentage	39.63709182539477
#Duplication Level	Percentage of total
1	26.075303618418854
2	12.35019706530547
3	7.648159383019269
4	5.5501206202938445
5	4.230212216140892
6	3.324511197725255
7	2.734045655138973
8	2.2305270561182833
9	1.9442043227854195
>10	18.813286151045414
>50	3.6790549080752273
>100	5.052100545596209
>500	1.820269741128772
>1k	3.603240102120832
>5k	0.8110849972137254
>10k+	0.13368241987350005
>>END_MODULE
>>Overrepresented sequences	pass
>>END_MODULE
>>Adapter Content	pass
#Position	Illumina Universal Adapter	Illumina Small RNA 3' Adapter	Illumina Small RNA 5' Adapter	Nextera Transposase Sequence	PolyA	PolyG
1	2.277193314606758E-6	1.138596657303379E-5	0.0	6.831579943820275E-6	0.012975447506629309	4.554386629213516E-6
2	4.554386629213516E-6	9.564211921348384E-5	0.0	1.138596657303379E-5	0.01911248348949452	2.504912646067434E-5
3	1.138596657303379E-5	9.79193125280906E-5	0.0	1.366315988764055E-5	0.02374429469140467	4.098947966292165E-5
4	3.415789971910137E-5	1.0019650584269736E-4	0.0	1.5940353202247306E-5	0.02739008118809009	6.831579943820274E-5
5	3.415789971910137E-5	1.1158247241573116E-4	0.0	1.8217546516854065E-5	0.03016142545196651	1.0247369915730412E-4
6	5.692983286516895E-5	1.1158247241573116E-4	0.0	2.0494739831460825E-5	0.0322131766284272	1.4574037213483252E-4
7	6.603860612359598E-5	1.1613685904494466E-4	0.0	2.0494739831460825E-5	0.03425809622494407	1.9356143174157446E-4
8	6.831579943820274E-5	1.1613685904494466E-4	0.0	2.277193314606758E-5	0.03927475309702276	3.005895175280921E-4
9	7.287018606741626E-5	1.1613685904494466E-4	0.0	2.504912646067434E-5	0.044384774895000326	4.0534041000000293E-4
10-11	8.425615264045006E-5	1.343544055617987E-4	0.0	2.504912646067434E-5	0.05086338987505655	6.034562283707909E-4
12-13	1.1385966573033792E-4	1.525719520786528E-4	0.0	2.9603513089887856E-5	0.055372232637977935	8.778580227809052E-4
14-15	1.525719520786528E-4	1.537105487359562E-4	0.0	2.9603513089887856E-5	0.06069289481755662	0.0011670615737359637
16-17	1.8445265848314742E-4	1.5940353202247308E-4	0.0	2.9603513089887856E-5	0.0664473623235679	0.0014915616210674266
18-19	1.9925441502809135E-4	1.7648248188202375E-4	0.0	3.871228634831488E-5	0.07256390356660165	0.0017875967519663052
20-21	2.3113512143258598E-4	1.8217546516854065E-4	0.0	5.009825292134868E-5	0.07845727986480394	0.0021064038160112514
22-23	2.7440179441011437E-4	1.9128423842696768E-4	0.0	5.351404289325882E-5	0.08439050704601185	0.0023739740304775455
24-25	3.3588601390449683E-4	1.9697722171348458E-4	0.0	5.46526395505622E-5	0.09010740086233211	0.0026415442449438395
26-27	3.9395444342696915E-4	2.0950178494382176E-4	0.0	7.05929927528095E-5	0.095560140254158	0.0029535197290449654
28-29	4.5999304955056516E-4	2.2316494483146232E-4	0.0	8.425615264045006E-5	0.10140000250946704	0.0032324759100842934
30-31	5.749913119382065E-4	2.516298612640468E-4	0.0	8.65333459550568E-5	0.10756778060207944	0.0035182636710674414
32-33	7.161772974438255E-4	2.573228445505637E-4	0.0	8.994913592696695E-5	0.11291918489140532	0.0038279619618539606
34-35	9.268176790449506E-4	2.73263197752811E-4	0.0	9.564211921348384E-5	0.11835484533337165	0.004184342715589918
36-37	0.001279782642808998	2.948965342415752E-4	0.0	1.0475089247191088E-4	0.12375407068230428	0.004543000662640483
38-39	0.0017739335920786646	2.9945092087078874E-4	0.0	1.0702808578651764E-4	0.1297294259398324	0.004877748079887676
40-41	0.0024195178967696806	3.267772406460698E-4	0.0	1.1385966573033792E-4	0.1351161267255347	0.005277395506601163
42-43	0.0033508899624438444	3.4727198047753067E-4	0.0	1.1841405235955142E-4	0.14076698193573134	0.005664518370084311
44-45	0.004601069092162955	3.48410577134834E-4	0.0	1.2182984233146157E-4	0.1464736283821359	0.00605164123356746
46-47	0.0061598079160112805	3.597965437078678E-4	0.0	1.3435440556179874E-4	0.1523749748569393	0.006458120240224767
48-49	0.00823205383230343	3.757368969101151E-4	0.0	1.4004738884831563E-4	0.15753509490783824	0.006907865919859601
50-51	0.010913448960252889	3.916772501123624E-4	0.0	1.4574037213483255E-4	0.16283753954090008	0.007354195809522526
52-53	0.014134538903764149	4.030632166853962E-4	0.0	1.480175654494393E-4	0.168313050865872	0.007809634472443878
54-55	0.018409969351938338	4.0647900665730633E-4	0.0	1.525719520786528E-4	0.17413127978469228	0.008292399455140511
56-57	0.02339474551761253	4.1558777991573337E-4	0.0	1.639579186516866E-4	0.17964436479935525	0.008717096008314669
58-59	0.02946574289435415	4.2241935985955366E-4	0.0	1.798982718539339E-4	0.1848170094134845	0.009287532933623662
60-61	0.03706359838853959	4.2697374648876716E-4	0.0	1.8900704511236094E-4	0.19038816285766993	0.009900097935252882
62-63	0.04678265945528124	4.372211164044976E-4	0.0	1.9242283508427108E-4	0.19576006188682726	0.010410189237724795
64-65	0.058711736633848745	4.3949830971910434E-4	0.0	2.015316083426981E-4	0.20131185918783856	0.011010229676123676
66-67	0.0737229949637365	4.4746848632022803E-4	0.0	2.0722459162921499E-4	0.20674410383983297	0.011637596434297837
68-69	0.09180277128505684	4.5316146960674487E-4	0.0	2.0836318828651836E-4	0.21231070289738918	0.012239914066011326
70-71	0.11448817108516937	4.6454743617977865E-4	0.0	2.2658073480337243E-4	0.2179718054775016	0.01281148958797762
72-73	0.14285972259185498	4.747948060955091E-4	0.0	2.277193314606758E-4	0.2234382080292151	0.013470737052556279
74-75	0.17906823489075974	4.8390357935393613E-4	1.138596657303379E-6	2.2999652477528258E-4	0.2288545123280073	0.014128845920477633
76-77	0.22353385014842858	5.066755125000036E-4	2.277193314606758E-6	2.4138249134831636E-4	0.23403057273210845	0.014864379361095614
78-79	0.2771742772706481	5.408334122191051E-4	2.277193314606758E-6	2.504912646067434E-4	0.23925559279247366	0.01563748649140461
80-81	0.342165374469525	5.784071019101166E-4	2.277193314606758E-6	2.5732284455056364E-4	0.2444646724996366	0.01631153571252821
82-83	0.4222861440506491	5.875158751685436E-4	2.277193314606758E-6	2.7212460109550757E-4	0.2505527488262378	0.017072118279606866
84-85	0.5229790780359308	5.909316651404538E-4	2.277193314606758E-6	2.7895618103932786E-4	0.2563038005422772	0.017827007863399004
86-87	0.6456867783901732	6.137035982865214E-4	2.277193314606758E-6	2.960351308988786E-4	0.2619352996092996	0.018595560607078787
88-89	0.7920249137700901	6.421685147191058E-4	2.277193314606758E-6	3.074210974719124E-4	0.26731858460503005	0.019375499317331603
>>END_MODULE
