##FastQC	0.12.1
>>Basic Statistics	pass
#Measure	Value
Filename	reverse.gz
File type	Conventional base calls
Encoding	Sanger / Illumina 1.9
Total Sequences	50229697
Total Bases	5 Gbp
Sequences flagged as poor quality	0
Sequence length	100
%GC	47
>>END_MODULE
>>Per base sequence quality	pass
#Base	Mean	Median	Lower Quartile	Upper Quartile	10th Percentile	90th Percentile
1	32.5999966314748	33.0	33.0	33.0	33.0	33.0
2	32.63715600354906	33.0	33.0	33.0	33.0	33.0
3	32.63658608173567	33.0	33.0	33.0	33.0	33.0
4	32.61431252511836	33.0	33.0	33.0	33.0	33.0
5	32.638950021936225	33.0	33.0	33.0	33.0	33.0
6	36.43410283761019	37.0	37.0	37.0	37.0	37.0
7	36.454215401697525	37.0	37.0	37.0	37.0	37.0
8	36.46026194424386	37.0	37.0	37.0	37.0	37.0
9	36.44657830605667	37.0	37.0	37.0	37.0	37.0
10-11	36.444131217833146	37.0	37.0	37.0	37.0	37.0
12-13	36.419624141869704	37.0	37.0	37.0	37.0	37.0
14-15	36.413472581767714	37.0	37.0	37.0	37.0	37.0
16-17	36.409440753743745	37.0	37.0	37.0	37.0	37.0
18-19	36.38342262944568	37.0	37.0	37.0	37.0	37.0
20-21	36.400410060208	37.0	37.0	37.0	37.0	37.0
22-23	36.37999367187105	37.0	37.0	37.0	37.0	37.0
24-25	36.375941059329904	37.0	37.0	37.0	37.0	37.0
26-27	36.38265495609102	37.0	37.0	37.0	37.0	37.0
28-29	36.35929505009756	37.0	37.0	37.0	37.0	37.0
30-31	36.36961518999408	37.0	37.0	37.0	37.0	37.0
32-33	36.37684498674161	37.0	37.0	37.0	37.0	37.0
34-35	36.37310709837649	37.0	37.0	37.0	37.0	37.0
36-37	36.1281325467681	37.0	37.0	37.0	37.0	37.0
38-39	36.3028448787975	37.0	37.0	37.0	37.0	37.0
40-41	36.34316507025714	37.0	37.0	37.0	37.0	37.0
42-43	36.32563739136232	37.0	37.0	37.0	37.0	37.0
44-45	36.32320892757924	37.0	37.0	37.0	37.0	37.0
46-47	36.30783050512927	37.0	37.0	37.0	37.0	37.0
48-49	36.28483314362816	37.0	37.0	37.0	37.0	37.0
50-51	36.27397339267247	37.0	37.0	37.0	37.0	37.0
52-53	36.258580805295324	37.0	37.0	37.0	37.0	37.0
54-55	36.239795344574745	37.0	37.0	37.0	37.0	37.0
56-57	36.21339837068896	37.0	37.0	37.0	37.0	37.0
58-59	36.19645881001432	37.0	37.0	37.0	37.0	37.0
60-61	36.16240239315001	37.0	37.0	37.0	37.0	37.0
62-63	36.145070654119216	37.0	37.0	37.0	37.0	37.0
64-65	36.13210123485315	37.0	37.0	37.0	37.0	37.0
66-67	36.108034655275745	37.0	37.0	37.0	37.0	37.0
68-69	35.7993964208066	37.0	37.0	37.0	37.0	37.0
70-71	35.989659185083276	37.0	37.0	37.0	37.0	37.0
72-73	36.03587751086772	37.0	37.0	37.0	37.0	37.0
74-75	36.013657329049785	37.0	37.0	37.0	37.0	37.0
76-77	35.96919396109437	37.0	37.0	37.0	37.0	37.0
78-79	35.92467869157164	37.0	37.0	37.0	37.0	37.0
80-81	35.91353971336916	37.0	37.0	37.0	37.0	37.0
82-83	35.88243381201364	37.0	37.0	37.0	37.0	37.0
84-85	35.83921863992132	37.0	37.0	37.0	37.0	37.0
86-87	35.790439767136164	37.0	37.0	37.0	37.0	37.0
88-89	35.72847356614554	37.0	37.0	37.0	37.0	37.0
90-91	35.669466710101794	37.0	37.0	37.0	37.0	37.0
92-93	35.605651095207676	37.0	37.0	37.0	37.0	37.0
94-95	35.534704151211585	37.0	37.0	37.0	35.0	37.0
96-97	35.43426584874681	37.0	37.0	37.0	33.0	37.0
98-99	35.24749513221232	37.0	37.0	37.0	33.0	37.0
100	34.99988431146618	37.0	37.0	37.0	33.0	37.0
>>END_MODULE
>>Per sequence quality scores	pass
#Quality	Count
2	17387.0
3	18770.0
4	18690.0
5	15685.0
6	14356.0
7	14164.0
8	14753.0
9	16026.0
10	16867.0
11	18091.0
12	19243.0
13	20329.0
14	21892.0
15	23505.0
16	25283.0
17	27771.0
18	30695.0
19	33595.0
20	37684.0
21	43904.0
22	55169.0
23	72689.0
24	93289.0
25	116751.0
26	144063.0
27	177154.0
28	217332.0
29	268298.0
30	338786.0
31	437681.0
32	591364.0
33	874333.0
34	1442869.0
35	3494475.0
36	4.1456754E7
>>END_MODULE
>>Per base sequence content	fail
#Base	G	A	T	C
1	21.086123443997966	15.863967713228416	10.405290016170664	52.644618826602965
2	19.802327245332062	23.21483952351088	41.83953294988655	15.14330028127051
3	19.87419648989627	25.603122216378534	28.369122669225767	26.153558624499436
4	21.7220133685387	35.26795566698372	21.704118072786972	21.305912891690603
5	25.639337350118613	34.386524813443685	21.217903534898635	18.756234301539063
6	19.719698410735997	35.22039911592532	23.157288517723735	21.90261395561495
7	18.833325242545428	17.076896162429783	39.02479576269442	25.064982832330372
8	19.172409789006633	21.338481506068902	29.413095087485523	30.07601361743894
9	20.238705559044412	21.222910524938783	31.756486719930038	26.781897196086764
10-11	24.162586495456686	29.672071260215276	21.828300647911096	24.337041596416938
12-13	23.642353583940125	23.326376043388166	26.442911421508686	26.588358951163034
14-15	22.991215637627253	26.25546284951724	26.73807793869726	24.015243574158244
16-17	23.912634345406016	26.089000779314876	25.346363467190336	24.652001408088772
18-19	23.61761734708729	26.397116132431364	25.287089812463908	24.69817670801744
20-21	23.601500359357317	26.571396113183134	25.607335169829508	24.219768357630045
22-23	23.50199642822333	26.753358655990684	25.711642391407803	24.033002524378183
24-25	23.251782764264625	26.615235924374687	25.896922916591198	24.23605839476949
26-27	23.217212122544247	26.54314152068244	26.122983926842718	24.116662429930596
28-29	23.454122342080254	26.28504144221781	25.923917374907372	24.33691884079456
30-31	23.211307363538804	26.483868281921648	26.061586397467767	24.243237957071784
32-33	23.322318682199832	26.772311686571566	26.02430954691971	23.881060084308892
34-35	23.581168806896535	26.566319296346318	25.593696070293138	24.258815826464005
36-37	23.318208523581028	26.61507488249824	25.812023768683503	24.254692825237235
38-39	23.353197290856816	26.65746882314289	25.88330604341123	24.10602784258906
40-41	23.49120347186351	26.502177365545815	25.781968278249344	24.224650884341326
42-43	23.281093588829396	26.59032081923521	25.927698135838906	24.200887456096495
44-45	23.421735876318717	26.52971682180634	26.010851979366173	24.037695322508775
46-47	23.53363910097572	26.453948273550075	25.78004210487588	24.232370520598323
48-49	23.34276164336795	26.43024607619424	25.951149373484068	24.275842906953745
50-51	23.38573355196096	26.54371981792003	25.9648699303662	24.10567669975281
52-53	23.56073386457498	26.538640382234046	25.641133943014005	24.259491810176968
54-55	23.2715554955038	26.584166162348406	25.90569604764636	24.23858229450143
56-57	23.447653076868917	26.626477554291345	25.80643995604037	24.11942941279937
58-59	23.490574911892832	26.578847714906935	25.714466300421922	24.21611107277831
60-61	23.277560275992702	26.516379585415233	25.963825345214868	24.2422347933772
62-63	23.270038581718662	26.74112399469118	25.952438644156615	24.036398779433544
64-65	23.56404135899201	26.506301532439704	25.798028455800115	24.131628652768175
66-67	23.41986779648662	26.601561955168684	25.97727826095726	24.001291987387432
68-69	23.393889315831995	26.607269009532743	25.97626438718909	24.022577287446172
70-71	23.50343130438846	26.54970233702107	25.80191787641526	24.14494848217521
72-73	23.31595586291759	26.589618417430632	25.87866334349301	24.215762376158768
74-75	23.43114234095848	26.66354244745392	25.973468507632404	23.931846703955202
76-77	23.505512965897974	26.641483098660572	25.798547244585222	24.054456690856227
78-79	23.276619719364234	26.68786832098065	25.975879064102525	24.05963289555259
80-81	23.479965631294412	26.69503854175261	25.885783981743078	23.939211845209897
82-83	23.52372465381881	26.637913685370755	25.762646222211067	24.075715438599367
84-85	23.346527704122245	26.781660380389884	25.834281695842886	24.037530219644985
86-87	23.355406599367416	26.98214482775687	25.805936906637385	23.85651166623833
88-89	23.705268469984983	26.763034077903995	25.642994163124467	23.888703288986555
90-91	23.48959844285206	26.853755190241777	25.768711341801463	23.887935025104696
92-93	23.62883401197358	26.875610199117368	25.698634594380238	23.796921194528814
94-95	23.752952474882573	26.898437093881338	25.604790353353685	23.743820077882404
96-97	23.580901851747015	26.995335997896238	25.65586599450639	23.76789615585036
98-99	23.748672975581677	27.035229926929954	25.647872665144046	23.56822443234433
100	23.8484217613191	27.060221115954914	25.446756897241134	23.644600225484854
>>END_MODULE
>>Per sequence GC content	pass
#GC Content	Count
0	143.0
1	148.0
2	161.5
3	187.5
4	224.5
5	273.0
6	352.5
7	417.0
8	491.0
9	615.0
10	752.0
11	925.5
12	1130.0
13	1400.5
14	1916.0
15	2595.5
16	3684.0
17	5514.0
18	7769.0
19	11802.5
20	19483.0
21	30874.0
22	45434.0
23	66730.5
24	96486.5
25	132955.5
26	179804.5
27	242213.5
28	307532.0
29	382823.0
30	469038.0
31	564111.5
32	680643.5
33	799067.0
34	903628.0
35	1007617.5
36	1111185.5
37	1220129.5
38	1290507.5
39	1347884.5
40	1430967.5
41	1486315.5
42	1526622.0
43	1551932.5
44	1597727.5
45	1678197.0
46	1720525.5
47	1746841.5
48	1786007.0
49	1817172.0
50	1833044.5
51	1833498.5
52	1830346.0
53	1812596.5
54	1769863.0
55	1707132.0
56	1624634.0
57	1523604.5
58	1406234.0
59	1261990.0
60	1100624.0
61	942214.5
62	797240.5
63	657046.5
64	520128.5
65	408190.0
66	324871.5
67	261900.0
68	212507.0
69	170608.0
70	139702.5
71	117925.0
72	101932.5
73	88845.0
74	76758.0
75	67325.0
76	60663.0
77	54085.5
78	46029.0
79	39444.0
80	34156.5
81	29080.5
82	23922.0
83	19142.0
84	15235.0
85	11395.0
86	8171.5
87	5877.5
88	4059.0
89	2547.0
90	1472.0
91	853.0
92	511.5
93	354.0
94	267.0
95	222.5
96	183.5
97	136.5
98	98.5
99	68.0
100	50.0
>>END_MODULE
>>Per base N content	pass
#Base	N-Count
1	0.0120088321456528
2	0.025003137088404098
3	0.028045162207528347
4	0.030625309167204413
5	0.03299641644264746
6	0.016221479496481932
7	0.015869098314489134
8	0.010501755565039543
9	0.012576225574285267
10-11	0.011147787732026335
12-13	0.010749616904915832
14-15	0.009940334698813731
16-17	0.008302857172321784
18-19	0.007865864689568005
20-21	0.005036860962947875
22-23	0.0057187285043746134
24-25	0.004281331818505694
26-27	0.004684479780955079
28-29	0.005526611080293796
30-31	0.0034939490078946724
32-33	0.0037816274304820117
34-35	0.002804118049925724
36-37	0.25377218580474414
38-39	0.0010591344001139404
40-41	0.0010621206813172695
42-43	0.00101135390086068
44-45	6.669361354100941E-4
46-47	0.0011895353459926306
48-49	0.002003794687433611
50-51	0.0024228694829674167
52-53	0.004273368401963484
54-55	0.005276758886281954
56-57	0.006288112787142633
58-59	0.008675146895670106
60-61	0.008582572178366913
62-63	0.007638907318115019
64-65	0.008550718512198073
66-67	0.012535413064506442
68-69	0.5282223780884046
70-71	0.011679345786218858
72-73	0.013183436085628785
74-75	0.011842595825334165
76-77	0.007351228895527679
78-79	0.005884964824693248
80-81	0.005194138439656524
82-83	0.002091392269397922
84-85	0.0011437457008749226
86-87	0.001214421022687037
88-89	0.0013607488016501473
90-91	0.0018783708768938024
92-93	0.0014005658843611977
94-95	0.0038224399402608383
96-97	0.00337748404096485
98-99	0.002489563096508426
100	0.003848321044023021
>>END_MODULE
>>Sequence Length Distribution	pass
#Length	Count
100	5.0229697E7
>>END_MODULE
>>Sequence Duplication Levels	fail
#Total Deduplicated Percentage	38.19020675713585
#Duplication Level	Percentage of total
1	25.027694853204142
2	11.632902656053066
3	7.3638696526279706
4	5.3449766304981345
5	4.147278317516979
6	3.306443158656997
7	2.8170032916298298
8	2.3009944617016864
9	2.005333877185941
>10	20.5191508366135
>50	4.124038027253202
>100	5.47520864298052
>500	1.7577461619262915
>1k	3.216531488022868
>5k	0.7583185467289737
>10k+	0.2025093973998426
>>END_MODULE
>>Overrepresented sequences	pass
>>END_MODULE
>>Adapter Content	pass
#Position	Illumina Universal Adapter	Illumina Small RNA 3' Adapter	Illumina Small RNA 5' Adapter	Nextera Transposase Sequence	PolyA	PolyG
1	1.99085413555252E-6	3.98170827110504E-6	0.0	1.3935978948867639E-5	0.014690512666242043	7.96341654221008E-6
2	5.97256240665756E-6	8.95884360998634E-5	0.0	1.592683308442016E-5	0.02196509367755095	2.389024962663024E-5
3	1.194512481331512E-5	8.95884360998634E-5	0.0	2.1899395491077718E-5	0.027133351013445293	5.1762207524365514E-5
4	5.5743915795470556E-5	9.556099850652096E-5	0.0	2.389024962663024E-5	0.030965745224383893	9.357014437096843E-5
5	6.569818647323316E-5	9.755185264207347E-5	0.0	2.389024962663024E-5	0.033812666638224	1.294055188109138E-4
6	7.565245715099576E-5	9.755185264207347E-5	0.0	2.7871957897735278E-5	0.0357915756489632	1.8714028874193685E-4
7	8.361587369320583E-5	1.0153356091317851E-4	0.0	3.3844520304392835E-5	0.038063140217628626	2.3292993385964482E-4
8	9.357014437096843E-5	1.0551526918428356E-4	0.0	3.782622857549788E-5	0.043482245174602585	3.404360571794809E-4
9	1.094969774553886E-4	1.0750612331983607E-4	0.0	4.1807936846602914E-5	0.049178078856418346	4.937318256170249E-4
10-11	1.2343295640425623E-4	1.294055188109138E-4	0.0	4.280336391437917E-5	0.056219729933867604	7.216846241377884E-4
12-13	1.5329576843754403E-4	1.5030948723421527E-4	0.0	4.9771353388813E-5	0.060957962776482605	0.0010163310361995612
14-15	1.841540075386081E-4	1.5329576843754403E-4	0.0	5.3753061659918035E-5	0.0668080876538037	0.0013667213640568049
16-17	2.1998938197855347E-4	1.5628204964087278E-4	0.0	5.873019699879934E-5	0.07290806472513661	0.0016912305881518655
18-19	2.5980646468960387E-4	1.592683308442016E-4	0.0	6.271190526990438E-5	0.07927780253183689	0.0019848815731458623
20-21	3.085823910106406E-4	1.6325003911530663E-4	0.0	6.868446767656193E-5	0.08580680866938138	0.0024218740558996405
22-23	3.6134002560278235E-4	1.6723174738641166E-4	0.0	7.565245715099576E-5	0.09231192455729924	0.0028160631747390394
24-25	4.270382120760155E-4	1.7220888272529296E-4	0.0	7.863873835432453E-5	0.09830340007824455	0.0031186730033430222
26-27	4.698415759903947E-4	1.791768721997268E-4	0.0	9.058386316763964E-5	0.10403009199916137	0.0034680679041324894
28-29	5.564437308869293E-4	1.8216315340305556E-4	0.0	9.755185264207347E-5	0.11046353713819934	0.0038264216485319434
30-31	6.629544271389891E-4	2.0008084062302827E-4	0.0	9.9542706777626E-5	0.11696666217198165	0.004147944591423675
32-33	8.321770286609533E-4	2.040625488941333E-4	0.0	1.0352441504873103E-4	0.12284366358013268	0.004541138283195297
34-35	0.0011278188677905025	2.1202596543634335E-4	0.0	1.0750612331983607E-4	0.12874754151911366	0.004919400568950277
36-37	0.0015528662257309656	2.4188877746963118E-4	0.0	1.1347868572649363E-4	0.1345757670009437	0.0053315073750096476
38-39	0.002125236789702315	2.4985219401184127E-4	0.0	1.1746039399759868E-4	0.14099527616103277	0.005747595889340125
40-41	0.002918592162719994	2.827012872484578E-4	0.0	1.2144210226870371E-4	0.14708131725341683	0.006260240829244899
42-43	0.003998630531257236	2.9962354740065427E-4	0.0	1.26419237607585E-4	0.15311559613827652	0.006721123561625308
44-45	0.005601268110377014	3.006189744684305E-4	0.0	1.2741466467536128E-4	0.15919466924118614	0.007172052023327952
46-47	0.007641893599318347	3.2152294289173195E-4	0.0	1.343826541497951E-4	0.16565698176518961	0.00768370153616495
48-49	0.010186205184554467	3.5039032785724354E-4	0.0	1.3836436242090013E-4	0.17119056083495787	0.008200328184340829
50-51	0.013397452905200682	3.7129429628054495E-4	0.0	1.4334149775978143E-4	0.17703272229573672	0.008751794779888878
52-53	0.0175185209657944	3.951845459071752E-4	0.0	1.4732320603088646E-4	0.18298537616103877	0.009316201927318017
54-55	0.022858987184414033	4.0016168124605653E-4	0.0	1.5030948723421527E-4	0.18915005599177714	0.009865677668730512
56-57	0.02956717019415825	4.081250977882666E-4	0.0	1.5528662257309654E-4	0.19528985014582112	0.010358414067279761
58-59	0.03760823004765488	4.1310223312714784E-4	0.0	1.662363203186354E-4	0.20105038658704233	0.011010418796673211
60-61	0.04792881788635914	4.220610767371342E-4	0.0	1.7320430979306923E-4	0.2071065648673931	0.01162260644335561
62-63	0.0606732706350986	4.399787639571069E-4	0.0	1.741997368608455E-4	0.21301641536878074	0.012191990726123631
64-65	0.0768330336533784	4.4595132636376445E-4	0.0	1.8216315340305556E-4	0.21927267448975452	0.012800196664534927
66-67	0.09714770925255631	4.539147429059745E-4	0.0	1.8813571580971313E-4	0.22531591221822422	0.013548757819502674
68-69	0.1228257458929127	4.5889187824485586E-4	0.0	1.891311428774894E-4	0.23323453454238435	0.014221666517319424
70-71	0.1536491450466046	4.6884614892261846E-4	0.0	1.941082782163707E-4	0.2411621157101545	0.014887607225661743
72-73	0.1922498158808324	4.7282785719372344E-4	0.0	1.9709455941969945E-4	0.2471914174596753	0.01557246104829181
74-75	0.2413044617808465	4.78800419600381E-4	0.0	2.090396842330146E-4	0.25317692041821394	0.01623043834009192
76-77	0.30282185456941935	5.026906692270113E-4	0.0	2.1998938197855347E-4	0.25884886385040307	0.016972031505585232
78-79	0.3773425111443535	5.335489083280753E-4	0.0	2.2795279852076353E-4	0.26446605879386453	0.017708647535739665
80-81	0.468251878963156	5.654025744969156E-4	0.0	2.3989792333407867E-4	0.2702524763388479	0.01848906235687625
82-83	0.5778215225944923	5.74361418106902E-4	0.0	2.5283847521517E-4	0.2767536105184947	0.019310289687791665
84-85	0.714865948723521	5.803339805135596E-4	0.0	2.6080189175738014E-4	0.2829342171823175	0.020143462143520398
86-87	0.8810395571368865	5.97256240665756E-4	0.0	2.7971500604512907E-4	0.28897048692131266	0.020937812943605853
88-89	1.0803937360004383	6.251281985634912E-4	0.0	2.856875684517866E-4	0.2947907489866005	0.021809807054977856
>>END_MODULE
