##FastQC	0.12.1
>>Basic Statistics	pass
#Measure	Value
Filename	reverse.gz
File type	Conventional base calls
Encoding	Sanger / Illumina 1.9
Total Sequences	42861592
Total Bases	4.2 Gbp
Sequences flagged as poor quality	0
Sequence length	100
%GC	47
>>END_MODULE
>>Per base sequence quality	pass
#Base	Mean	Median	Lower Quartile	Upper Quartile	10th Percentile	90th Percentile
1	32.586725990019225	33.0	33.0	33.0	33.0	33.0
2	32.62270920781477	33.0	33.0	33.0	33.0	33.0
3	32.62215946155243	33.0	33.0	33.0	33.0	33.0
4	32.601204663606524	33.0	33.0	33.0	33.0	33.0
5	32.624528762254094	33.0	33.0	33.0	33.0	33.0
6	36.41781544185293	37.0	37.0	37.0	37.0	37.0
7	36.44008167032153	37.0	37.0	37.0	37.0	37.0
8	36.446961349452444	37.0	37.0	37.0	37.0	37.0
9	36.43140331791689	37.0	37.0	37.0	37.0	37.0
10-11	36.42393101030872	37.0	37.0	37.0	37.0	37.0
12-13	36.399481848457704	37.0	37.0	37.0	37.0	37.0
14-15	36.3943368459109	37.0	37.0	37.0	37.0	37.0
16-17	36.39147858763622	37.0	37.0	37.0	37.0	37.0
18-19	36.364872541365244	37.0	37.0	37.0	37.0	37.0
20-21	36.382545543338665	37.0	37.0	37.0	37.0	37.0
22-23	36.36298368245398	37.0	37.0	37.0	37.0	37.0
24-25	36.35953217743288	37.0	37.0	37.0	37.0	37.0
26-27	36.36621083743226	37.0	37.0	37.0	37.0	37.0
28-29	36.34250616496	37.0	37.0	37.0	37.0	37.0
30-31	36.35130919775448	37.0	37.0	37.0	37.0	37.0
32-33	36.358863968468555	37.0	37.0	37.0	37.0	37.0
34-35	36.35416282484327	37.0	37.0	37.0	37.0	37.0
36-37	36.109605786457955	37.0	37.0	37.0	37.0	37.0
38-39	36.283825866757354	37.0	37.0	37.0	37.0	37.0
40-41	36.32344360890748	37.0	37.0	37.0	37.0	37.0
42-43	36.307449312662015	37.0	37.0	37.0	37.0	37.0
44-45	36.30531791726261	37.0	37.0	37.0	37.0	37.0
46-47	36.290442303216366	37.0	37.0	37.0	37.0	37.0
48-49	36.26782910910075	37.0	37.0	37.0	37.0	37.0
50-51	36.25596658892185	37.0	37.0	37.0	37.0	37.0
52-53	36.23961311329733	37.0	37.0	37.0	37.0	37.0
54-55	36.22226245119407	37.0	37.0	37.0	37.0	37.0
56-57	36.19710881247715	37.0	37.0	37.0	37.0	37.0
58-59	36.18038813164009	37.0	37.0	37.0	37.0	37.0
60-61	36.14684930508414	37.0	37.0	37.0	37.0	37.0
62-63	36.12860970026499	37.0	37.0	37.0	37.0	37.0
64-65	36.11611583396156	37.0	37.0	37.0	37.0	37.0
66-67	36.09299785224963	37.0	37.0	37.0	37.0	37.0
68-69	35.78540629102157	37.0	37.0	37.0	37.0	37.0
70-71	35.97585711468673	37.0	37.0	37.0	37.0	37.0
72-73	36.02163953686088	37.0	37.0	37.0	37.0	37.0
74-75	35.99938824017549	37.0	37.0	37.0	37.0	37.0
76-77	35.95626009411876	37.0	37.0	37.0	37.0	37.0
78-79	35.91225244269975	37.0	37.0	37.0	37.0	37.0
80-81	35.90190078567311	37.0	37.0	37.0	37.0	37.0
82-83	35.87074742814033	37.0	37.0	37.0	37.0	37.0
84-85	35.82715534691292	37.0	37.0	37.0	37.0	37.0
86-87	35.77912102518264	37.0	37.0	37.0	37.0	37.0
88-89	35.71799759560961	37.0	37.0	37.0	37.0	37.0
90-91	35.66065021569894	37.0	37.0	37.0	37.0	37.0
92-93	35.597925457365186	37.0	37.0	37.0	37.0	37.0
94-95	35.52582554563069	37.0	37.0	37.0	35.0	37.0
96-97	35.42518196710939	37.0	37.0	37.0	33.0	37.0
98-99	35.23786981594151	37.0	37.0	37.0	33.0	37.0
100	34.988816934284664	37.0	37.0	37.0	33.0	37.0
>>END_MODULE
>>Per sequence quality scores	pass
#Quality	Count
2	16590.0
3	17503.0
4	17213.0
5	14174.0
6	12883.0
7	12642.0
8	13039.0
9	14034.0
10	14828.0
11	15748.0
12	16346.0
13	17503.0
14	18607.0
15	19860.0
16	21570.0
17	23686.0
18	26135.0
19	28845.0
20	32517.0
21	37553.0
22	47292.0
23	62537.0
24	80569.0
25	101218.0
26	124768.0
27	154850.0
28	188710.0
29	234660.0
30	295550.0
31	381602.0
32	514588.0
33	759194.0
34	1247728.0
35	3006234.0
36	3.5270816E7
>>END_MODULE
>>Per base sequence content	fail
#Base	G	A	T	C
1	22.38195326923615	16.415993646546642	10.191500310114922	51.01055277410228
2	20.421365341790512	23.191777121630857	41.43881235462038	14.948045181958255
3	19.826420347260125	25.84305919662987	28.485643282945432	25.844877173164576
4	21.694312605965806	35.60997890065721	21.69041284025981	21.00529565311717
5	25.537248760392643	34.72640932535179	20.99302457285947	18.743317341396097
6	19.803599363815312	35.32089051015485	22.983318737941712	21.89219138808813
7	18.832301342022724	17.292661124444443	38.93954340743155	24.935494126101283
8	19.207438598066425	21.469934088043715	29.150171138780646	30.172456175109208
9	20.222239115863356	21.303572151084595	31.621344807569063	26.85284392548299
10-11	24.28439526423539	29.696777677077225	21.784625477575283	24.234201581112103
12-13	23.571020371534704	23.479427728682122	26.52971776894005	26.419834130843128
14-15	23.029242418555853	26.29507221778264	26.739009845526514	23.936675518134994
16-17	23.916908472737493	26.18815133161714	25.366448763251505	24.528491432393867
18-19	23.64195995804411	26.489005198660724	25.29919493393422	24.569839909360944
20-21	23.635083387895232	26.646993584491195	25.595793313690585	24.122129713922988
22-23	23.528316318629216	26.8453468711336	25.70252479321705	23.92381201702013
24-25	23.274234913506483	26.731316901175134	25.877724518932165	24.116723666386218
26-27	23.2306463019401	26.653968489954195	26.09876973813849	24.016615469967224
28-29	23.48000502713987	26.39778071350365	25.932107643090006	24.190106616266473
30-31	23.22194696284647	26.595850120184984	26.074454748569543	24.10774816839901
32-33	23.32743456530453	26.873439420475176	26.034601732364965	23.764524281855333
34-35	23.580618283751065	26.68185611092217	25.60582605884609	24.13169954648067
36-37	23.317131613096162	26.723525408869815	25.821672466862626	24.137670511171397
38-39	23.36846358162368	26.77529476334334	25.882276552265353	23.973965102767625
40-41	23.50728739396945	26.62855641664959	25.774434892092607	24.089721297288357
42-43	23.291843640188333	26.69151775545449	25.92954480217489	24.087093802182288
44-45	23.417021897499595	26.6482513889209	26.01014242861141	23.92458428496809
46-47	23.535190691969998	26.57028082072416	25.78664950020706	24.10787898709878
48-49	23.330224701221173	26.568375439077325	25.948763227119205	24.152636632582304
50-51	23.37796192233318	26.646341906570665	25.968710303294074	24.00698586780208
52-53	23.55475647864527	26.646641187583718	25.664716008956844	24.133886324814164
54-55	23.275130053580252	26.690058992839006	25.915970106362664	24.118840847218078
56-57	23.43437847531996	26.737167520590553	25.810368477959667	24.01808552612982
58-59	23.4831412907153	26.706510088887335	25.719647659397175	24.090700961000188
60-61	23.25746936673456	26.648402314023915	25.963465757045405	24.13066256219611
62-63	23.25840805635508	26.831491496332262	25.966726140826246	23.943374306486415
64-65	23.565945948771112	26.631350901796463	25.819971614173014	23.982731535259408
66-67	23.386857255159136	26.729507559346615	26.000799297514206	23.882835887980043
68-69	23.36531528682118	26.740776787814934	25.99545844392458	23.898449481439304
70-71	23.498393809169897	26.68121998075632	25.81488937686161	24.00549683321217
72-73	23.309780612310078	26.695835289740472	25.903815179129307	24.090568918820143
74-75	23.416404893875615	26.783735089544404	25.998122712015892	23.801737304564085
76-77	23.49756114508433	26.74950341744879	25.828445477696306	23.92448995977058
78-79	23.265103165379813	26.803777660694056	26.007422985646045	23.923696188280083
80-81	23.442399140473256	26.805383729186406	25.90890476661951	23.843312363720823
82-83	23.480803155229523	26.76795631381468	25.78577168000942	23.96546885094638
84-85	23.3062602156174	26.869910389598378	25.89420748530286	23.929621909481362
86-87	23.292963253686626	27.073757248877982	25.853685191024887	23.7795943064105
88-89	23.64294545396557	26.86144893755353	25.70612269248118	23.78948291599972
90-91	23.40318724148688	26.93043010001445	25.826691074173937	23.839691584324733
92-93	23.538931511359586	26.95408821395568	25.79473178733967	23.712248487345065
94-95	23.65785547846406	26.970821738782032	25.682611107593857	23.688711675160054
96-97	23.462713752351405	27.062479638043257	25.743314736580164	23.731491873025174
98-99	23.61567878126474	27.093655686538042	25.755040528106914	23.5356250040903
100	23.689994765529676	27.143319610784992	25.556613648843452	23.61007197484188
>>END_MODULE
>>Per sequence GC content	warn
#GC Content	Count
0	136.0
1	130.0
2	129.0
3	143.5
4	182.0
5	252.0
6	316.5
7	362.0
8	450.5
9	583.0
10	692.0
11	838.0
12	1060.0
13	1341.5
14	1790.5
15	2404.5
16	3369.5
17	4910.0
18	7027.5
19	10603.0
20	17201.5
21	26953.5
22	39645.0
23	58519.0
24	84425.0
25	115444.5
26	155908.0
27	210682.0
28	266819.5
29	330229.0
30	402720.5
31	482806.0
32	582761.0
33	683420.5
34	773548.5
35	867896.0
36	959882.5
37	1052730.0
38	1116654.0
39	1167494.5
40	1239174.0
41	1289503.0
42	1323550.0
43	1349800.0
44	1392504.0
45	1457529.0
46	1489961.0
47	1512486.5
48	1547369.5
49	1569653.5
50	1573786.0
51	1568702.5
52	1558375.5
53	1532272.5
54	1489909.5
55	1428919.0
56	1352309.5
57	1263052.0
58	1158343.0
59	1034496.0
60	901154.0
61	772297.5
62	651979.0
63	535916.5
64	427949.5
65	338998.0
66	271785.0
67	220930.5
68	180532.5
69	147067.5
70	121892.5
71	103746.0
72	90089.0
73	78636.5
74	68835.5
75	61042.5
76	55114.5
77	49287.0
78	42036.0
79	36045.0
80	31181.0
81	26510.5
82	21731.0
83	17412.0
84	13831.0
85	10257.5
86	7268.0
87	5054.0
88	3366.0
89	2080.5
90	1176.0
91	668.0
92	426.0
93	312.0
94	231.5
95	181.0
96	149.5
97	115.5
98	79.5
99	54.5
100	56.0
>>END_MODULE
>>Per base N content	pass
#Base	N-Count
1	0.011429813432968146
2	0.02430381027377611
3	0.02742315311106503
4	0.03001288426244177
5	0.032080003001288424
6	0.01572736728957711
7	0.015351739618071117
8	0.009959966022727293
9	0.012202066596126434
10-11	0.010745051187086097
12-13	0.01035425842325222
14-15	0.009583171805657615
16-17	0.00789401382944432
18-19	0.007573213799431436
20-21	0.0046988455305159915
22-23	0.005458266692473765
24-25	0.0040409138325986586
26-27	0.00442237423192307
28-29	0.005206292850718191
30-31	0.0032919915807140343
32-33	0.0035288003301417272
34-35	0.002625894063850918
36-37	0.2553439918890554
38-39	9.985630025128324E-4
40-41	9.787317279302177E-4
42-43	9.91563729130733E-4
44-45	6.06603693115272E-4
46-47	0.0011490473802279672
48-49	0.001942298363532554
50-51	0.0024765762316994668
52-53	0.004339549496901561
54-55	0.00522029139748239
56-57	0.006249184584650985
58-59	0.008735093180859917
60-61	0.008417792787538084
62-63	0.007472890880954679
64-65	0.008361798600481288
66-67	0.012154238228015422
68-69	0.5272435984179029
70-71	0.011469475982133374
72-73	0.013087474678961996
74-75	0.011870767656040402
76-77	0.007370234871350556
78-79	0.005651913256045179
80-81	0.0051153022967509
82-83	0.001893303449857859
84-85	0.001027726641604913
86-87	0.0011105513766264212
88-89	0.001256369572086823
90-91	0.0017159885241780101
92-93	0.0012318721152494755
94-95	0.003456474505193368
96-97	0.0031088439272157695
98-99	0.0023995842244963744
100	0.0034459755951202187
>>END_MODULE
>>Sequence Length Distribution	pass
#Length	Count
100	4.2861592E7
>>END_MODULE
>>Sequence Duplication Levels	fail
#Total Deduplicated Percentage	41.21099339831617
#Duplication Level	Percentage of total
1	27.37076740026892
2	12.81660497988724
3	7.887260226306565
4	5.607643798200825
5	4.254024248553579
6	3.3236328916542766
7	2.53235351506498
8	2.2779473912906454
9	1.8449745953055243
>10	18.46613062625558
>50	3.61266352569922
>100	4.796403503636574
>500	1.6494734086513116
>1k	3.081982362700978
>5k	0.4065219673208897
>10k+	0.07161555920271513
>>END_MODULE
>>Overrepresented sequences	pass
>>END_MODULE
>>Adapter Content	pass
#Position	Illumina Universal Adapter	Illumina Small RNA 3' Adapter	Illumina Small RNA 5' Adapter	Nextera Transposase Sequence	PolyA	PolyG
1	0.0	1.3998546764198586E-5	0.0	1.1665455636832156E-5	0.012827335018260638	1.1665455636832156E-5
2	0.0	1.1898764749568798E-4	0.0	1.3998546764198586E-5	0.019670291294826378	3.0330184655763603E-5
3	4.666182254732862E-6	1.2132073862305441E-4	0.0	1.8664729018931448E-5	0.0244157986478897	6.0660369311527206E-5
4	4.432873141996219E-5	1.2598692087778727E-4	0.0	2.099782014629788E-5	0.028382053564412632	1.0265600960412296E-4
5	5.3661095929427914E-5	1.3998546764198587E-4	0.0	2.099782014629788E-5	0.031039444358483	1.3298619425988656E-4
6	6.76596426936265E-5	1.423185587693523E-4	0.0	2.099782014629788E-5	0.03305523509252759	1.726487434251159E-4
7	7.232582494835936E-5	1.4465164989671872E-4	0.0	2.099782014629788E-5	0.03522734293210574	2.3097602160927666E-4
8	7.699200720309222E-5	1.4465164989671872E-4	0.0	2.566400240103074E-5	0.04057945397828434	3.312989400860332E-4
9	8.165818945782509E-5	1.4698474102408515E-4	0.0	2.566400240103074E-5	0.046188205048473235	4.666182254732862E-4
10-11	8.749091727624116E-5	1.6098328778828375E-4	0.0	2.6830547964713954E-5	0.0532936340768677	7.267578861746433E-4
12-13	1.1198837411358869E-4	1.738152889887991E-4	0.0	3.149673021944682E-5	0.05789215668890693	0.0010417251883691114
14-15	1.5281746884250125E-4	1.7731492567984875E-4	0.0	3.266327578313003E-5	0.06336908811039962	0.0013613586728183126
16-17	1.6798256117038304E-4	1.7848147124353196E-4	0.0	3.382982134681325E-5	0.06944445740606182	0.0017451521632700904
18-19	1.8198110793458163E-4	1.8431419906194806E-4	0.0	4.199564029259575E-5	0.07575080272333329	0.0020542867376461423
20-21	2.181440204087613E-4	1.9131347244404735E-4	0.0	5.2494550365744693E-5	0.08200232039911164	0.0024427464103526533
22-23	2.5197384175557454E-4	1.9364656357141378E-4	0.0	5.832727818416078E-5	0.08869362575239856	0.002764712985929221
24-25	3.0446839212131926E-4	2.088116558992956E-4	0.0	5.949382374784399E-5	0.09470366849649448	0.003114676655034185
26-27	3.4646403241391497E-4	2.1697747484507809E-4	0.0	7.932509833045865E-5	0.1002074304659519	0.0034844715987217647
28-29	4.1645676623490793E-4	2.4847420506452487E-4	0.0	8.982400840360759E-5	0.10646244777842129	0.003811104356553065
30-31	5.004480468200995E-4	2.939694820481703E-4	0.0	9.565673622202367E-5	0.1130580963954862	0.004119072385365434
32-33	6.392669688984021E-4	3.114676655034185E-4	0.0	1.0965528298622226E-4	0.11895031803765012	0.00448770078348933
34-35	8.947404473450262E-4	3.3596512234076607E-4	0.0	1.1432146524095511E-4	0.12484837240763245	0.004921655733179486
36-37	0.0012470372075773573	3.6279567030548E-4	0.0	1.2132073862305441E-4	0.13087707988074732	0.0053112819514496805
38-39	0.0017439856177064073	3.674618525602129E-4	0.0	1.2132073862305441E-4	0.1373140783011513	0.005719572898738806
40-41	0.0024579115026805353	4.0362476503439255E-4	0.0	1.2132073862305441E-4	0.14307914647687375	0.006155860939556328
42-43	0.0034086461370823554	4.2812222187174013E-4	0.0	1.2248728418673763E-4	0.14896553539121926	0.006588649343682801
44-45	0.004649850616841297	4.3162185856278974E-4	1.1665455636832155E-6	1.3181964869620334E-4	0.15506190250702773	0.007034269749009789
46-47	0.006159360576247378	4.4912004201803793E-4	2.333091127366431E-6	1.4581819546040194E-4	0.16161322239267267	0.007582546163940901
48-49	0.008250976771931384	4.841164089285344E-4	2.333091127366431E-6	1.504843777151348E-4	0.16731179747126518	0.008081827665197317
50-51	0.010882703563600717	4.98114955692733E-4	2.333091127366431E-6	1.6098328778828372E-4	0.17294621254385512	0.008578776075326366
52-53	0.01423185587693523	5.214458669663973E-4	2.333091127366431E-6	1.644829244793334E-4	0.17851296797375144	0.00910255503342013
54-55	0.018240106433750757	5.226124125300805E-4	2.333091127366431E-6	1.7031565229774946E-4	0.18458717072384992	0.009601836534676545
56-57	0.02315942907580288	5.284451403484966E-4	2.333091127366431E-6	1.7731492567984875E-4	0.19048755818495963	0.01003462493880302
58-59	0.02941211329714491	5.366109592942791E-4	2.333091127366431E-6	1.878138357529977E-4	0.1963611150981046	0.010673891907701422
60-61	0.03733879040237236	5.517760516221609E-4	2.333091127366431E-6	1.9014692688036413E-4	0.20249831130864202	0.01122800105045095
62-63	0.04693946039148522	5.751069628958253E-4	2.333091127366431E-6	1.9831274582614663E-4	0.2085865126055047	0.011728449097271047
64-65	0.05922435172263316	5.809396907142413E-4	2.333091127366431E-6	2.088116558992956E-4	0.21497684920336135	0.012333886244822637
66-67	0.07444777132869912	5.961047830421232E-4	2.333091127366431E-6	2.1697747484507809E-4	0.22118520469328345	0.013001150307249437
68-69	0.09298534688118912	6.042706019879056E-4	2.333091127366431E-6	2.1697747484507809E-4	0.22936618873139383	0.013627585274947323
70-71	0.11588930247854536	6.17102603188421E-4	2.333091127366431E-6	2.1931056597244451E-4	0.23732202947571335	0.014209691511225248
72-73	0.14447083533434782	6.287680588252531E-4	2.333091127366431E-6	2.2164365709981094E-4	0.24322358348238676	0.014873455936960999
74-75	0.18058825253154387	6.404335144620853E-4	2.333091127366431E-6	2.2864293048191023E-4	0.24894432292668925	0.015544219636078847
76-77	0.22544309600072718	6.707636991178489E-4	2.333091127366431E-6	2.496407506282081E-4	0.25460090236498917	0.016181153513849883
78-79	0.2802509062192557	7.080931571557118E-4	2.333091127366431E-6	2.6013966070135707E-4	0.2602224854363786	0.016878747760932445
80-81	0.3466938418899606	7.5825461639409E-4	2.333091127366431E-6	2.6713893408345635E-4	0.265914061241589	0.017626503467253387
82-83	0.4282015469700705	7.68753526467239E-4	2.333091127366431E-6	2.753047530292389E-4	0.27239655493897663	0.018489747184378964
84-85	0.5296081862754888	7.815855276677543E-4	2.333091127366431E-6	2.8580366310238783E-4	0.27848009005358454	0.019317994534594048
86-87	0.6546128757886548	8.107491667598348E-4	2.333091127366431E-6	3.009687554302696E-4	0.2846966113624524	0.020113578609026003
88-89	0.8031689536870212	8.399128058519152E-4	2.333091127366431E-6	3.091345743760521E-4	0.2906984882876026	0.020898663773384805
>>END_MODULE
