##FastQC	0.12.1
>>Basic Statistics	pass
#Measure	Value
Filename	reverse.gz
File type	Conventional base calls
Encoding	Sanger / Illumina 1.9
Total Sequences	45721409
Total Bases	4.5 Gbp
Sequences flagged as poor quality	0
Sequence length	100
%GC	47
>>END_MODULE
>>Per base sequence quality	pass
#Base	Mean	Median	Lower Quartile	Upper Quartile	10th Percentile	90th Percentile
1	32.608444044233195	33.0	33.0	33.0	33.0	33.0
2	32.6480038268287	33.0	33.0	33.0	33.0	33.0
3	32.64897022311801	33.0	33.0	33.0	33.0	33.0
4	32.62569963668442	33.0	33.0	33.0	33.0	33.0
5	32.65697925013641	33.0	33.0	33.0	33.0	33.0
6	36.461804687602694	37.0	37.0	37.0	37.0	37.0
7	36.47230191440513	37.0	37.0	37.0	37.0	37.0
8	36.484165612656426	37.0	37.0	37.0	37.0	37.0
9	36.4706552241205	37.0	37.0	37.0	37.0	37.0
10-11	36.46806730081306	37.0	37.0	37.0	37.0	37.0
12-13	36.444984952235394	37.0	37.0	37.0	37.0	37.0
14-15	36.439974137717414	37.0	37.0	37.0	37.0	37.0
16-17	36.436736332863234	37.0	37.0	37.0	37.0	37.0
18-19	36.40987549180735	37.0	37.0	37.0	37.0	37.0
20-21	36.42607602053559	37.0	37.0	37.0	37.0	37.0
22-23	36.40632389522379	37.0	37.0	37.0	37.0	37.0
24-25	36.40328417044191	37.0	37.0	37.0	37.0	37.0
26-27	36.41129202733013	37.0	37.0	37.0	37.0	37.0
28-29	36.388052028317844	37.0	37.0	37.0	37.0	37.0
30-31	36.398032637183164	37.0	37.0	37.0	37.0	37.0
32-33	36.40449385538403	37.0	37.0	37.0	37.0	37.0
34-35	36.40086287585757	37.0	37.0	37.0	37.0	37.0
36-37	36.15331393221062	37.0	37.0	37.0	37.0	37.0
38-39	36.32584070189088	37.0	37.0	37.0	37.0	37.0
40-41	36.367367134289324	37.0	37.0	37.0	37.0	37.0
42-43	36.35199572480367	37.0	37.0	37.0	37.0	37.0
44-45	36.34941621112333	37.0	37.0	37.0	37.0	37.0
46-47	36.334742253896856	37.0	37.0	37.0	37.0	37.0
48-49	36.311545855903084	37.0	37.0	37.0	37.0	37.0
50-51	36.29899054510766	37.0	37.0	37.0	37.0	37.0
52-53	36.283481246170695	37.0	37.0	37.0	37.0	37.0
54-55	36.26537840292717	37.0	37.0	37.0	37.0	37.0
56-57	36.24112256689202	37.0	37.0	37.0	37.0	37.0
58-59	36.22370776018735	37.0	37.0	37.0	37.0	37.0
60-61	36.18944538651466	37.0	37.0	37.0	37.0	37.0
62-63	36.172061101616535	37.0	37.0	37.0	37.0	37.0
64-65	36.16025971553064	37.0	37.0	37.0	37.0	37.0
66-67	36.1380082687303	37.0	37.0	37.0	37.0	37.0
68-69	35.82991895547226	37.0	37.0	37.0	37.0	37.0
70-71	36.01936622294383	37.0	37.0	37.0	37.0	37.0
72-73	36.066898069567365	37.0	37.0	37.0	37.0	37.0
74-75	36.044983784292384	37.0	37.0	37.0	37.0	37.0
76-77	36.00262499565576	37.0	37.0	37.0	37.0	37.0
78-79	35.960989402142005	37.0	37.0	37.0	37.0	37.0
80-81	35.950976532678595	37.0	37.0	37.0	37.0	37.0
82-83	35.920001481144205	37.0	37.0	37.0	37.0	37.0
84-85	35.87780261758775	37.0	37.0	37.0	37.0	37.0
86-87	35.83165087935063	37.0	37.0	37.0	37.0	37.0
88-89	35.77203789804466	37.0	37.0	37.0	37.0	37.0
90-91	35.71623202819493	37.0	37.0	37.0	37.0	37.0
92-93	35.65421050344271	37.0	37.0	37.0	37.0	37.0
94-95	35.58765927358013	37.0	37.0	37.0	37.0	37.0
96-97	35.491371033644214	37.0	37.0	37.0	35.0	37.0
98-99	35.309807075280645	37.0	37.0	37.0	33.0	37.0
100	35.0728218371398	37.0	37.0	37.0	33.0	37.0
>>END_MODULE
>>Per sequence quality scores	pass
#Quality	Count
2	15036.0
3	16904.0
4	16546.0
5	13636.0
6	12792.0
7	12388.0
8	13304.0
9	14521.0
10	15213.0
11	16427.0
12	17041.0
13	18447.0
14	19276.0
15	21023.0
16	22538.0
17	24817.0
18	26968.0
19	29177.0
20	32642.0
21	37511.0
22	47136.0
23	62026.0
24	78522.0
25	97673.0
26	120141.0
27	149409.0
28	184699.0
29	230304.0
30	293353.0
31	379650.0
32	518523.0
33	773673.0
34	1283933.0
35	3147228.0
36	3.7958932E7
>>END_MODULE
>>Per base sequence content	fail
#Base	G	A	T	C
1	20.657750867109147	15.788620355309899	10.501082144693493	53.05254663288746
2	19.80847180314571	23.01340595866911	42.043723223857654	15.13439901432752
3	19.609953735153542	25.63605357923673	28.84333333202064	25.91065935358909
4	21.598678978915498	35.394548805812185	21.74706937500435	21.25970284026797
5	25.72696137920481	34.592094041680156	21.106484884012815	18.57445969510222
6	19.63882808623612	35.6295232568889	22.979088918788175	21.752559738086806
7	18.817183648924424	17.143190584702307	39.13696312855077	24.9026626378225
8	19.04475520908366	21.36258356392629	29.63108611962876	29.961575107361288
9	20.208179577766643	21.106614838184814	31.894931892048824	26.790273691999722
10-11	24.098432876508568	29.795509989133983	21.908462969960688	24.19759416439676
12-13	23.627673917501284	23.391329357570765	26.51760150941156	26.46339521551639
14-15	22.99579883740777	26.3117846544729	26.767429559715367	23.924986948403962
16-17	23.917624436323365	26.17286688318467	25.357291726009993	24.55221695448197
18-19	23.639535999774616	26.468583277971682	25.297139628874366	24.59474109337934
20-21	23.60832625476566	26.644718458925006	25.582746296151086	24.164208990158247
22-23	23.505589280773744	26.849523825855577	25.704607611861352	23.94027928150933
24-25	23.243326725689624	26.736941989431894	25.88992939585894	24.12980188901954
26-27	23.216317784394967	26.6470867491587	26.11181183296307	24.024783633483263
28-29	23.464906503094234	26.35713734283225	25.929379168445614	24.248576985627906
30-31	23.216634535039354	26.551651604576758	26.072474672926365	24.15923918745752
32-33	23.325256341489933	26.861573900319595	26.028232893395632	23.78493686479484
34-35	23.56593306912467	26.652396195406652	25.614633780861638	24.16703695460704
36-37	23.32398688514208	26.699253784438753	25.835234622544235	24.141524707874932
38-39	23.366788341622858	26.756304822148184	25.87893610700543	23.99797072922353
40-41	23.49545750466737	26.584657474821032	25.773633629146946	24.146251391364647
42-43	23.287859645371594	26.658511674930434	25.938199516404676	24.115429163293296
44-45	23.422065354549833	26.616384654549368	26.017520527276538	23.944029463624258
46-47	23.536054061864682	26.539701930666993	25.79153160370283	24.132712403765503
48-49	23.340858234632456	26.52982920269383	25.964173887500714	24.165138675173004
50-51	23.394557271935867	26.623502026144212	25.964405176524156	24.017535525395765
52-53	23.574780405212913	26.6080974121161	25.647032218740424	24.170089963930568
54-55	23.27658953699878	26.669928773577617	25.918151366594554	24.13533032282905
56-57	23.43596090643352	26.72404973174184	25.807401714582255	24.032587647242384
58-59	23.49104553105123	26.66383243589011	25.715878047348568	24.129243985710087
60-61	23.272011320596608	26.61579228564035	25.965972655234378	24.146223738528665
62-63	23.284562228638535	26.82973667461914	25.93921358811085	23.946487508631474
64-65	23.570194593263267	26.587697115825243	25.807367477728942	24.034740813182548
66-67	23.409833917580134	26.708006716751004	25.97494332071436	23.907216044954502
68-69	23.379440126240752	26.74037768577835	25.97469604535918	23.90548614262172
70-71	23.526098400681242	26.663314225006474	25.795224109335972	24.015363264976315
72-73	23.347387742792876	26.688287034616142	25.86221154657934	24.10211367601164
74-75	23.44887398054059	26.78098650984202	25.96187534661177	23.80826416300562
76-77	23.538181148262936	26.743421460956775	25.778997966495933	23.93939942428436
78-79	23.30784154825219	26.80799192452096	25.96361113024991	23.920555396976944
80-81	23.50500537681441	26.81369318660844	25.86300498728258	23.81829644929457
82-83	23.56447846657962	26.75360416827221	25.73324304109516	23.948674324053005
84-85	23.37740660182269	26.890062588152436	25.827106080989466	23.905424729035417
86-87	23.39742732044262	27.097197653897588	25.7808748378188	23.72450018784099
88-89	23.75223771394216	26.896627152019843	25.6222325486746	23.728902585363397
90-91	23.53548703408213	26.990248019282703	25.744858581997182	23.72940636463798
92-93	23.702998796969464	27.027249499623085	25.650083716301936	23.619667987105515
94-95	23.832218305421137	27.04425875865457	25.538490157663414	23.585032778260885
96-97	23.668500998859173	27.143991331478716	25.59302694142531	23.594480728236803
98-99	23.849718408695068	27.20207427559917	25.580058884410526	23.36814843129523
100	23.961351431303918	27.21464664829748	25.39054138070754	23.433460539691062
>>END_MODULE
>>Per sequence GC content	pass
#GC Content	Count
0	141.0
1	134.5
2	145.5
3	182.0
4	255.0
5	302.5
6	326.5
7	398.0
8	515.0
9	628.0
10	744.5
11	930.0
12	1157.0
13	1454.0
14	1870.5
15	2537.5
16	3675.5
17	5345.5
18	7598.5
19	11455.0
20	18478.5
21	28958.5
22	42813.5
23	63014.5
24	90797.0
25	123925.5
26	166857.5
27	224067.5
28	283584.0
29	352228.0
30	429455.0
31	515890.0
32	622311.0
33	729546.0
34	824847.0
35	920282.0
36	1015530.0
37	1114800.0
38	1180110.0
39	1233004.5
40	1310153.0
41	1363323.0
42	1401784.5
43	1430202.5
44	1474130.5
45	1543503.0
46	1580777.0
47	1608119.5
48	1645508.0
49	1673118.5
50	1683587.5
51	1678841.5
52	1672018.0
53	1647856.5
54	1601472.0
55	1539736.5
56	1461708.0
57	1370016.0
58	1258257.5
59	1119718.0
60	972251.0
61	831768.5
62	703253.0
63	578741.5
64	459903.5
65	362704.5
66	290363.0
67	235413.5
68	191803.5
69	155289.0
70	127677.0
71	107988.0
72	93316.0
73	81378.5
74	70566.0
75	61884.0
76	55828.5
77	49949.5
78	42061.5
79	35578.5
80	30757.5
81	25460.0
82	20079.0
83	15732.0
84	12166.5
85	8609.0
86	5824.0
87	3880.5
88	2532.0
89	1560.5
90	849.5
91	536.0
92	389.0
93	300.0
94	234.5
95	194.5
96	168.0
97	132.0
98	92.5
99	64.0
100	51.0
>>END_MODULE
>>Per base N content	pass
#Base	N-Count
1	0.012490866149816161
2	0.026482123505861335
3	0.029970642418303425
4	0.03269146845408898
5	0.0351214023172383
6	0.017372605468042337
7	0.016882681808865516
8	0.01139728655343933
9	0.01369599086502343
10-11	0.01199438101306108
12-13	0.011625844689082088
14-15	0.010450246622976996
16-17	0.008837216718321168
18-19	0.00840962709613783
20-21	0.0052798022913073395
22-23	0.0059840675513740185
24-25	0.004671772035721822
26-27	0.004998752335038494
28-29	0.005912984877609524
30-31	0.003626309941585571
32-33	0.0040025013227392
34-35	0.0029712557633558494
36-37	0.2607913942459647
38-39	0.0012062182948036444
40-41	0.00122152840915292
42-43	0.0011745044865087164
44-45	7.731607746384194E-4
46-47	0.0013199505728268349
48-49	0.002157632543651487
50-51	0.002610374496551495
52-53	0.004562414076084138
54-55	0.005447119969552995
56-57	0.0066544318439530166
58-59	0.009022031670108854
60-61	0.008815345126393632
62-63	0.007786286726203036
64-65	0.008746449611821892
66-67	0.012803629914379935
68-69	0.5264317204222644
70-71	0.011975790159922674
72-73	0.01386112138407633
74-75	0.012326829210359639
76-77	0.007713016893245788
78-79	0.006034372212807353
80-81	0.005300580303638499
82-83	0.002140135270109458
84-85	0.0011712237477195858
86-87	0.0012193412499601664
88-89	0.0014019690425550971
90-91	0.0018612724730333661
92-93	0.0013658809158746618
94-95	0.003721451366470355
96-97	0.003281832368726869
98-99	0.002533823924805117
100	0.0037925340402348495
>>END_MODULE
>>Sequence Length Distribution	pass
#Length	Count
100	4.5721409E7
>>END_MODULE
>>Sequence Duplication Levels	fail
#Total Deduplicated Percentage	39.48542237964684
#Duplication Level	Percentage of total
1	25.901697504547737
2	12.28738515471305
3	7.638786408728915
4	5.518494266672666
5	4.13186446504039
6	3.434127071226016
7	2.7470829490820066
8	2.281456779054192
9	1.994318026394613
>10	19.67174563217659
>50	3.9551696155553624
>100	5.10569098945017
>500	1.6030700106766778
>1k	2.9953613180439516
>5k	0.6166650791679612
>10k+	0.11708472946988169
>>END_MODULE
>>Overrepresented sequences	pass
>>END_MODULE
>>Adapter Content	pass
#Position	Illumina Universal Adapter	Illumina Small RNA 3' Adapter	Illumina Small RNA 5' Adapter	Nextera Transposase Sequence	PolyA	PolyG
1	0.0	1.531011434927563E-5	0.0	4.3743183855073235E-6	0.01592470608243941	1.312295515652197E-5
2	2.1871591927536617E-6	1.0935795963768308E-4	0.0	6.561477578260985E-6	0.023721928604606216	1.9684432734782954E-5
3	6.561477578260985E-6	1.1154511883043675E-4	0.0	8.748636771014647E-6	0.029163580676177324	4.155602466231957E-5
4	4.811750224058056E-5	1.1810659640869773E-4	0.0	8.748636771014647E-6	0.033708497478719436	7.655057174637815E-5
5	5.905329820434887E-5	1.2248091479420505E-4	0.0	8.748636771014647E-6	0.03662616784185282	1.0935795963768308E-4
6	6.998909416811718E-5	1.2248091479420505E-4	0.0	1.0935795963768308E-5	0.038631792821607926	1.6403693945652462E-4
7	9.623500448116112E-5	1.2248091479420505E-4	0.0	1.531011434927563E-5	0.040792706104048546	2.1434160088985884E-4
8	1.0498364125217576E-4	1.2248091479420505E-4	0.0	1.9684432734782954E-5	0.046245293971583425	3.6962990357536883E-4
9	1.1373227802319041E-4	1.2248091479420505E-4	0.0	2.405875112029028E-5	0.05211125492654874	5.117952511043568E-4
10-11	1.4325892712536485E-4	1.454460863181185E-4	0.0	2.405875112029028E-5	0.05986254710566771	7.337919091688534E-4
12-13	1.6950483743840877E-4	1.531011434927563E-4	0.0	2.733948990942077E-5	0.06486348659989896	0.001054210730907265
14-15	2.0778012331159785E-4	1.531011434927563E-4	0.0	2.952664910217443E-5	0.07062665107280486	0.0013636937566819081
16-17	2.449618295884101E-4	1.6513051905290145E-4	0.0	3.171380829492809E-5	0.07692238880914629	0.001686299737613073
18-19	2.701141603050772E-4	1.6950483743840877E-4	0.0	3.7181706276812244E-5	0.08362821889412901	0.0019618817959000346
20-21	2.985472298108748E-4	1.738791558239161E-4	0.0	4.921108183695739E-5	0.09018204141521535	0.00237744204252323
22-23	3.4994547084058586E-4	1.771598946130466E-4	0.0	5.467897981884154E-5	0.09709346446431692	0.0027262939337674395
24-25	4.079051894485579E-4	1.8153421299855392E-4	0.0	5.6866139011595204E-5	0.10327984424102066	0.00304343201671672
26-27	4.800814428094287E-4	1.9356358855869907E-4	0.0	7.43634125536245E-5	0.1089183406399396	0.0034097811815029582
28-29	5.850650840616045E-4	2.0887370290797468E-4	0.0	9.404784528840746E-5	0.11542513923838174	0.0037848789830602116
30-31	7.68786456252912E-4	2.493361479739174E-4	0.0	1.0060932286666843E-4	0.12193849931440215	0.0040943620088348546
32-33	0.001039994196154366	2.5699120514855524E-4	1.0935795963768309E-6	1.0498364125217576E-4	0.12784820345322254	0.004519764471825442
34-35	0.001485081091879736	2.6792700111232356E-4	2.1871591927536617E-6	1.0607722084855259E-4	0.1338782013476444	0.0049593834695689275
36-37	0.002118263678181921	2.8433069505797603E-4	2.1871591927536617E-6	1.1482585761956724E-4	0.13960855843265896	0.005442745651167487
38-39	0.0030795201433971558	2.865178542507297E-4	2.1871591927536617E-6	1.1810659640869773E-4	0.14600927981025258	0.005880177489718219
40-41	0.004448681798060948	3.1495092375652726E-4	2.1871591927536617E-6	1.2248091479420505E-4	0.15196491429212078	0.006358071773334894
42-43	0.006413844332750112	3.401032544731944E-4	2.1871591927536617E-6	1.2576165358333554E-4	0.15808021139506	0.006821749522198671
44-45	0.00894110677997697	3.411968340695712E-4	2.1871591927536617E-6	1.3013597196884287E-4	0.16439453998453984	0.007264649258731287
46-47	0.01210483255229514	3.5978768720797735E-4	2.1871591927536617E-6	1.4325892712536485E-4	0.17112661597983564	0.007744730701540716
48-49	0.015994695176607527	3.783785403463835E-4	2.1871591927536617E-6	1.4653966591449534E-4	0.17695976954690962	0.00826418100981971
50-51	0.02106343660581414	3.936886546956591E-4	2.1871591927536617E-6	1.5200756389637947E-4	0.18263107333371986	0.008796754273255228
52-53	0.027556018669503385	4.111859282376884E-4	2.1871591927536617E-6	1.5528830268550997E-4	0.18851343798263087	0.009307455944763208
54-55	0.035727245413631065	4.1446666702681887E-4	2.1871591927536617E-6	1.5747546187826363E-4	0.19456093315059472	0.00983784204900597
56-57	0.04541417347833703	4.232153037978335E-4	2.1871591927536617E-6	1.6184978026377095E-4	0.20049250888134265	0.0103037069570625
58-59	0.05748619864274086	4.3087036097247134E-4	2.1871591927536617E-6	1.7497273542029293E-4	0.2063475340403442	0.010922673008611786
60-61	0.07242996382723026	4.439933161289933E-4	2.1871591927536617E-6	1.7934705380580026E-4	0.21247923483722908	0.011537264741775565
62-63	0.09088193235689652	4.6258416926739946E-4	2.1871591927536617E-6	1.8481495178768442E-4	0.2183692545433147	0.012076399482789341
64-65	0.11382741944807519	4.7242638563479094E-4	2.1871591927536617E-6	1.8918927017319174E-4	0.2245250140913199	0.012729266501826311
66-67	0.1418318057520931	4.91017238773197E-4	2.1871591927536617E-6	1.9356358855869907E-4	0.23037785209112868	0.013440093239471252
68-69	0.1762194161601625	4.97578716351458E-4	2.1871591927536617E-6	1.9465716815507587E-4	0.23734832843843462	0.014079837303351696
70-71	0.21860765489532485	5.117952511043568E-4	2.1871591927536617E-6	2.0778012331159785E-4	0.24441832052901083	0.014729423583599535
72-73	0.27078889891604174	5.161695694898641E-4	2.1871591927536617E-6	2.099672825043515E-4	0.25033677330460224	0.015357138271919837
74-75	0.3362724451470863	5.30386104242763E-4	2.1871591927536617E-6	2.1434160088985884E-4	0.2561939856227965	0.016019847507324193
76-77	0.4155230649169189	5.588191737485606E-4	2.1871591927536617E-6	2.2090307846811983E-4	0.26196480515287707	0.016702241175463338
78-79	0.51032438654723	5.94907300428996E-4	2.1871591927536617E-6	2.2527739685362715E-4	0.2675169087636823	0.017399944957951753
80-81	0.6231249347543073	6.375569046876923E-4	2.1871591927536617E-6	2.2965171523913448E-4	0.2731969611872635	0.01815451487945177
82-83	0.7609903273103417	6.419312230731997E-4	2.1871591927536617E-6	2.3730677241377227E-4	0.27964142574871215	0.018956108723595988
84-85	0.9300971017756693	6.52867019036968E-4	2.1871591927536617E-6	2.384003520101491E-4	0.28588248450523474	0.019774106261685853
86-87	1.1334733800526575	6.605220762116058E-4	2.1871591927536617E-6	2.416810907992796E-4	0.2920054366653486	0.020583355163004708
88-89	1.3718879485975597	6.944230436992876E-4	2.1871591927536617E-6	2.4386824999203326E-4	0.29796544546560233	0.021374013211185157
>>END_MODULE
